date,period,n,r,p,slope
2015-05-30,daytime,6,-0.7370528287373241,0.09462157887803571,-0.3239719157472458
2015-05-30,nighttime,6,0.9391093365605941,0.005448628009967743,0.9566055930568783
2015-05-31,daytime,6,0.030327958400695236,0.9545220100004872,0.005518710364523695
2015-05-31,nighttime,6,0.9160115255524467,0.010284865729751212,1.0235294117646672
2015-06-01,daytime,6,-0.9044269848241518,0.013264810268326755,-0.5764061722249926
2015-06-01,nighttime,6,0.9124797406807135,0.011154500029978396,0.912479740680699
2015-06-02,daytime,6,0.13762886270065666,0.7948601685281405,0.12901307966704992
2015-06-02,nighttime,6,0.9572089137015833,0.0027074387115098753,1.5085714285713858
2015-06-03,daytime,6,0.9963822429730578,1.9608573956896888e-5,1.5371367061356376
2015-06-03,nighttime,6,0.9679216364982859,0.001527027446082671,1.668555240793133
2015-06-04,daytime,6,0.9540682913539366,0.003116131223841009,1.971502590673615
2015-06-04,nighttime,6,0.9565240066704934,0.0027941546588163327,1.8670212765957481
2015-06-05,daytime,6,-0.37826245233856115,0.4596676869167691,-0.6908371786421145
2015-06-05,nighttime,6,0.9369071654465537,0.005845481652643813,2.3684210526315232
2015-06-06,daytime,6,0.6124479393562355,0.196190398704343,0.6732429099876683
2015-06-06,nighttime,6,0.9246130432108769,0.00831057055875873,1.163716814159242
2015-06-07,daytime,6,-0.048321141313834894,0.9275747013356737,-0.02626143405134799
2015-06-07,nighttime,6,0.9287188304341558,0.00744041770772712,0.9306122448979551
2015-06-08,daytime,6,0.9085196534005676,0.01217019704519291,0.19235594212594984
2015-06-08,nighttime,6,0.888004233192751,0.018112193322859824,0.7265306122448743
2015-06-09,daytime,6,0.6747325911231227,0.1414918659528154,0.7433083511777328
2015-06-09,nighttime,6,0.8999585097104139,0.014511827056445896,1.4642857142855987
2015-06-10,daytime,6,0.2146997051584718,0.6828988371372577,0.1288901937756885
2015-06-10,nighttime,6,0.7664063157207828,0.0754758764242033,0.5500000000000154
2015-06-11,daytime,6,-0.5491980824791675,0.25902703648248643,-0.245255474452558
2015-06-11,nighttime,6,0.7803510777040664,0.06706992118726605,0.49295774647884705
2015-06-12,daytime,6,-0.4326040064713823,0.3915740939645112,-0.13018867924528352
2015-06-12,nighttime,6,0.9729705419137862,0.0010860136590764874,1.1409090909090607
2015-06-13,daytime,6,0.7361515020941005,0.0952400023181212,1.3834355828221
2015-06-13,nighttime,6,0.9384369363547631,0.0055683538698671365,0.5081967213114765
2015-06-14,daytime,6,0.725972807112439,0.10234787905898979,0.9409836065573979
2015-06-14,nighttime,6,0.9343812214865875,0.0063174646816308525,0.816129032258051
2015-06-15,daytime,6,0.9149700696647559,0.010537746594985397,1.7571228397945182
2015-06-15,nighttime,6,0.8716228610749831,0.02366316279593387,0.748803827751191
2015-06-16,daytime,6,0.9388891258795413,0.005487697934249027,2.2638036809816233
2015-06-16,nighttime,6,0.9652378344746301,0.0017916087859185836,0.4371257485029983
2015-06-17,daytime,6,0.848744264016348,0.03258720962602448,1.2058823529411924
2015-06-17,nighttime,6,0.708310231506168,0.11521547279492843,0.4483306836247902
2015-06-18,daytime,6,0.7121817102381267,0.1123377092821213,0.8698347107438045
2015-06-18,nighttime,6,0.580747904139044,0.22681202307289253,0.6250000000000284
2015-06-19,daytime,6,0.8642718824778054,0.026382982866994323,0.8819119025304604
2015-06-19,nighttime,6,0.9764576470680693,8.248394874789878e-4,0.8282442748091281
2015-06-20,daytime,6,0.9861197293576592,2.8765576990875843e-4,0.2797911780282969
2015-06-20,nighttime,6,0.7993648323676141,0.05634347451886845,0.5410138248847896
2015-06-21,daytime,6,0.922024409179597,0.008883235834157096,1.4393907782182636
2015-06-21,nighttime,6,0.9880482472323316,2.1341297088722214e-4,1.3134020618555777
2015-06-22,daytime,6,0.9452295649612231,0.004417550640810019,1.5387294742080042
2015-06-22,nighttime,6,0.9782357205391509,7.053710967174446e-4,1.6025641025640684
2015-06-23,daytime,6,-0.24812292676382447,0.6354534522080034,-0.8491321762350711
2015-06-23,nighttime,6,0.922514594970799,0.008773371268112805,0.8854415274462866
2015-06-24,daytime,6,0.8719121728270806,0.023559001282865557,2.0970873786408135
2015-06-24,nighttime,6,0.9886421831667069,1.9276742562392818e-4,1.8281249999999873
2015-06-25,daytime,6,0.5805194370836825,0.22703918713592705,2.7551020408165865
2015-06-25,nighttime,6,0.9779264513401649,7.254847506208192e-4,0.9656249999999921
2015-06-26,daytime,6,-0.572387307838081,0.23518387236978594,-0.5523590333717063
2015-06-26,nighttime,6,0.9935923316436553,6.145577693879638e-5,1.8422818791945805
2015-06-27,daytime,6,0.053643082314953884,0.9196125576654899,0.0553766902768642
2015-06-27,nighttime,6,0.941508058188641,0.005031901432801487,2.705882352941
2015-06-28,daytime,6,0.7864478898032021,0.06353728664703008,1.6687402799378308
2015-06-28,nighttime,6,0.9768029595261941,8.009128352133583e-4,3.312499999999797
2015-06-29,daytime,6,0.048483089763409135,0.9273323477725312,0.3235294117646007
2015-06-29,nighttime,6,0.9683492905104311,0.001486797792135739,2.319999999999884
2015-06-30,daytime,6,-0.6187186820661965,0.1903486947796078,-0.5305439330543992
2015-06-30,nighttime,6,0.8259466143395662,0.04280543438947301,2.50495049504937
2015-07-01,daytime,6,-0.3632271979412049,0.4791202111688218,-0.4755760368663902
2015-07-01,nighttime,6,0.737443916112793,0.09435380243265934,5.058823529411527
2015-07-02,daytime,6,-0.14107202341170086,0.7897957243259367,-0.1085526315789752
2015-07-02,nighttime,6,-0.49346377121982643,0.3198851594713755,-0.17045454545453292
2015-07-03,daytime,6,0.789776981742659,0.06164530777737015,1.8636363636362288
2015-07-03,nighttime,6,0.2524308329098961,0.6293963642580305,0.6818181818184266
2015-07-04,daytime,6,0.6793821692112079,0.1377146079793455,1.6623376623375758
2015-07-04,nighttime,6,-0.5944454429259113,0.21336005689732104,-0.8749999999999959
2015-07-05,daytime,6,-0.58966302764678,0.21801910888853882,-0.10094588308264948
2015-07-05,nighttime,6,0.3108947681009592,0.5486827013121234,0.5132743362833049
2015-07-06,daytime,6,-0.4935686509243001,0.3197661563908254,-0.20772946859903874
2015-07-06,nighttime,6,-0.0325529756000213,0.9511877847325714,-0.052631578947313525
2015-07-07,daytime,6,0.15608595349874238,0.7677724171275149,0.029622980251345726
2015-07-07,nighttime,6,0.025482359571890306,0.9617847341355321,0.05194805194812904
2015-07-08,daytime,6,-0.6660025340248602,0.14870203294202083,-0.32624113475177047
2015-07-08,nighttime,6,0.9332932477887592,0.006526270640028546,1.3035714285713835
2015-07-10,daytime,6,0.6159439654429457,0.19292460876341222,1.3210526315790836
2015-07-10,nighttime,6,0.9018301756923874,0.013982924875933484,1.2530612244897787
2015-07-11,daytime,6,0.9414816478557754,0.0050364012560174705,1.5155361050328282
2015-07-11,nighttime,6,0.9822133956324642,4.7173142800922314e-4,1.6222222222222074
2015-07-12,daytime,6,-0.12220636346605476,0.817602993869271,-0.18037835459746962
2015-07-12,nighttime,6,0.9682348994793023,0.0014975065801831272,1.1619377162629283
2015-07-13,daytime,6,-0.0503131903698412,0.9245938962811009,-0.009691711279307872
2015-07-13,nighttime,6,0.9270011012697218,0.007798759126616848,1.0305899490167096
2015-07-14,daytime,6,0.9965706090051581,1.7620917835172876e-5,1.0950775455158563
2015-07-14,nighttime,6,0.974623829180213,9.577545750358255e-4,1.0343490304709178
2015-07-15,daytime,6,0.4107142857142812,0.4185694925291601,0.41071428571430585
2015-07-15,nighttime,6,0.9635460822563618,0.0019691105892021984,2.21052631578933
2015-07-16,daytime,6,0.10423100803698017,0.8442196761499808,0.34749034749030916
2015-07-16,nighttime,6,0.8195171698069519,0.04592154944432818,2.613333333333033
2015-07-17,daytime,6,-0.0730276496509435,0.8906532551247932,-0.40925266903933527
2015-07-17,nighttime,6,0.8992288030258965,0.014720593813730186,3.2499999999998863
2015-07-18,daytime,6,-0.6188705929432199,0.19020808002699613,-0.2654028436018922
2015-07-18,nighttime,6,0.9332565252573827,0.006533376338915159,2.2499999999998797
2015-07-19,daytime,6,-0.47114595831290806,0.3455732023904887,-0.2903357903357942
2015-07-19,nighttime,6,0.42688546047560855,0.39856773337333495,2.714285714285776
2015-07-20,daytime,6,0.3798627114734439,0.4576122068371277,0.11881188118811847
2015-07-20,nighttime,6,-0.1648925587194554,0.7549028396439506,-0.30263157894718146
2015-07-21,daytime,6,-0.292429751798317,0.5738589607709411,-0.2971014492753828
2015-07-21,nighttime,6,0.9624729708337205,0.0020859926338178017,1.8583569405098235
2015-07-22,daytime,6,0.042268917262646435,0.93663438422677,0.09382151029746161
2015-07-22,nighttime,6,0.6682937537889893,0.1467948917791682,0.9428571428571587
2015-07-23,daytime,6,-0.521715833097498,0.2884284911687861,-1.4047058823528527
2015-07-23,nighttime,6,0.881452811831612,0.020247156083507894,1.5747126436781098
2015-07-24,daytime,6,0.49214005614497985,0.32138852808632573,0.12110091743118653
2015-07-24,nighttime,6,0.9275481071072296,0.007683755155968005,1.7761194029849992
2015-07-25,daytime,6,-0.3459294296240088,0.5018040535438253,-0.3600439077936509
2015-07-25,nighttime,6,0.9827843874662751,4.420148138583699e-4,1.5208333333333157
2015-07-26,daytime,6,-0.5717906990578598,0.23578589311575257,-0.5263336731226765
2015-07-26,nighttime,6,0.878843236746599,0.021129214204633966,1.4245283018867703
2015-07-27,daytime,6,-0.23733271889312813,0.6506850202644981,-0.10339805825242712
2015-07-27,nighttime,6,0.8784420170725488,0.02126642358205405,2.2880000000000584
2015-07-28,daytime,6,-0.28641740622150497,0.582122006686838,-0.23777777777777734
2015-07-28,nighttime,6,0.701479892026775,0.12037018380448977,3.0857142857142383
2015-07-29,daytime,6,-0.4285919307696814,0.396476353263616,-0.9500000000000114
2015-07-29,nighttime,6,0.5149549217441999,0.2958451226328204,0.6428571428571389
2015-07-30,daytime,6,0.6196722141563783,0.18946677735290102,4.093023255814121
2015-07-30,nighttime,6,0.9145816679385116,0.010632818655210754,2.3304347826085983
2015-07-31,daytime,6,0.966785566951952,0.0016364767866550954,2.217470427661533
2015-07-31,nighttime,6,0.7979485937421982,0.05711280498394115,0.7614165890027815
2015-08-01,daytime,6,0.4038789190046527,0.42712161884285654,1.1645077720207389
2015-08-01,nighttime,6,0.8166258761044538,0.047356028471393745,1.902743142144639
2015-08-02,daytime,6,-0.5924964895697145,0.21525383118114227,-0.6534181240064116
2015-08-02,nighttime,6,0.850230301897704,0.0319667044658674,1.4999999999998577
2015-08-03,daytime,6,-0.793737242732983,0.059428832659156446,-1.3206487835309093
2015-08-03,nighttime,6,0.6929023281557357,0.12698243597423717,1.6249999999997553
2015-08-04,daytime,6,-0.6489380111756547,0.16323354684497918,-0.4335393138717288
2015-08-04,nighttime,6,-0.10924876638750859,0.8367788084347605,-0.14864864864847208
2015-08-05,daytime,6,-0.735864845695555,0.09543706080270348,-1.4317252657399948
2015-08-05,nighttime,6,0.8101316570922857,0.05065260575039723,2.2499999999999902
2015-08-06,daytime,6,-0.15746879032103137,0.7657491456434073,-0.9069767441860519
2015-08-06,nighttime,6,0.8676398591654878,0.025119387977510354,3.727272727271688
2015-08-07,daytime,6,0.7673260038530281,0.0749076247322508,2.168421052631722
2015-08-07,nighttime,6,-0.2672612419124176,0.6086531814853879,-0.6666666666663275
2015-08-08,daytime,6,-0.5397520386643935,0.26899553351029953,-1.4831460674158274
2015-08-08,nighttime,6,-0.35742849668503446,0.4866889170456413,-1.0487804878041411
2015-08-09,daytime,6,-0.28038931043998166,0.5904378809335717,-0.24778761061947113
2015-08-09,nighttime,6,0.1462544848254062,0.7821824918509321,0.47058823529428495
2015-08-10,daytime,6,0.5969678169865547,0.2109191564742034,0.7735849056603927
2015-08-10,nighttime,6,0.7651179029439871,0.07627522366194818,0.9499999999999823
2015-08-11,daytime,6,-0.6161570630497142,0.192726273996227,-0.31863442389758134
2015-08-11,nighttime,6,-0.22978625750450332,0.6613871690329647,-0.482758620689539
2015-08-12,daytime,6,0.6462442099913699,0.1655796799150909,0.460000000000035
2015-08-12,nighttime,6,0.5570860145311762,0.2508153597684242,0.9310344827585003
2015-08-13,daytime,6,0.184787287071947,0.7259739742933075,0.1707317073170624
2015-08-13,nighttime,6,-0.3020202248463123,0.5607442337961573,-0.1824324324324277
2015-08-14,daytime,6,0.08674215185131028,0.8702131049118864,0.016821345707655658
2015-08-14,nighttime,6,0.2465341165189987,0.6376908824590722,0.28712871287130914
2015-08-15,daytime,6,-0.35387722553489886,0.4913420232934886,-1.157894736842147
2015-08-15,nighttime,6,-0.1833878643084345,0.72800197214369,-0.3636363636362137
2015-08-16,daytime,6,-0.12062400535230874,0.8199415406975176,-0.8478260869569195
2015-08-16,nighttime,6,0.5198752449100384,0.29044054410927256,2.5000000000002656
2015-08-17,daytime,6,-0.547680524079467,0.26061868391655396,-1.0942028985506944
2015-08-17,nighttime,6,0.539968763041216,0.2687651931827439,2.2000000000004367
2015-08-18,daytime,6,0.9647058478686162,0.0018465332021551358,1.660377358490614
2015-08-18,nighttime,6,0.3414634146341153,0.5077117279204141,0.6829268292682775
2015-08-19,daytime,6,-0.3295961854271171,0.5235083394336935,-0.06564245810055862
2015-08-19,nighttime,6,-0.2069593385961727,0.6939932506683336,-0.31818181818188496
2015-08-20,daytime,6,0.56568542494923435,0.24198153056802454,0.1600000000000061
2015-08-20,nighttime,6,-0.2132007163556352,0.6850443962928128,-0.24999999999984446
2015-08-21,daytime,6,0.9541617021306564,0.003103567767831806,1.168604651162844
2015-08-21,nighttime,6,0.29953234577957577,0.5641384463749525,0.6000000000000072
2015-08-22,daytime,6,0.9569026338151686,0.002746050301057796,2.000000000000079
2015-08-22,nighttime,6,0.6984302957695717,0.12270340897236402,1.9512195121946894
2015-08-23,daytime,6,0.6109208450770346,0.19762397833403783,1.5148514851485608
2015-08-23,nighttime,6,0.8622909085775463,0.02713994737937752,1.714285714285701
2015-08-24,daytime,6,-0.5421014965194157,0.26650253163184817,-0.2135484636374524
2015-08-24,nighttime,6,0.3731012536223215,0.46631681477602627,1.7500000000003604
2015-08-25,daytime,6,0.9753514383609291,9.038397498943168e-4,2.204708290685778
2015-08-25,nighttime,6,0.8477300968978654,0.03301391070508962,1.727272727272664
2015-08-26,daytime,6,0.9290799753020671,0.007366123407056243,2.9819277108433373
2015-08-26,nighttime,6,0.7242859683401471,0.10354769492325988,1.7777777777777777
2015-08-27,daytime,6,-0.8399978465072457,0.03635295098824355,-1.362068965517259
2015-08-27,nighttime,6,0.6199904151056639,0.18917285077686866,0.6645962732919739
2015-08-28,daytime,6,0.536719835499092,0.27222620033034794,0.32499999999999885
2015-08-28,nighttime,6,0.8541623193996438,0.030352059856838174,2.2173913043476974
2015-08-29,daytime,6,0.9561048751832144,0.002847884806209519,0.17866425584811893
2015-08-29,nighttime,6,0.496107692313611,0.31689017920718604,0.5247524752475736
2015-08-30,daytime,6,0.4406080916124225,0.38185669654981247,0.5217391304347906
2015-08-30,nighttime,6,0.9325680982740889,0.0066672835578250505,1.4307692307691415
2015-08-31,daytime,6,0.27924468542770947,0.5920203862593241,0.08984375000000136
2015-08-31,nighttime,6,-0.2791452631195189,0.5921578947929089,-0.3636363636360581
2015-09-01,daytime,6,-0.42196761350765505,0.4046156531282905,-0.1478599221790012
2015-09-01,nighttime,6,-0.20974194619028053,0.6900005314228812,-0.12432432432427477
2015-09-02,daytime,6,0.36649205594030937,0.47487486784077176,0.1157063197026009
2015-09-02,nighttime,6,-0.059761430466739165,0.9104645711400106,-0.04999999999995376
2015-09-03,daytime,6,0.9109141886437402,0.0115509176265202,1.2052785923753997
2015-09-03,nighttime,6,0.029000739528250448,0.956511086140563,0.048780487804952
2015-09-04,daytime,6,0.9912186480640331,1.1532963830702038e-4,0.9560585885486139
2015-09-04,nighttime,6,0.872402414514476,0.0233829984123054,1.449999999999802
2015-09-05,daytime,6,0.9937367802761417,5.871903541875762e-5,1.729264475743334
2015-09-05,nighttime,6,0.8274127538189407,0.042109163605369426,0.8072289156626088
2015-09-06,daytime,6,0.9873183274648414,2.4021746359295998e-4,1.4108910891089297
2015-09-06,nighttime,6,0.2262773722627806,0.6663768062961308,0.45255474452571653
2015-09-07,daytime,6,0.7822262802060279,0.06597408742262194,0.7508196721311459
2015-09-07,nighttime,6,0.641503354583145,0.16974280055201624,2.1176470588238376
2015-09-08,daytime,6,0.429503762424689,0.3953603836427208,1.0000000000000675
2015-09-08,nighttime,6,0.15762208124782964,0.7655249164046263,0.17391304347824763
2015-09-09,daytime,6,0.5838299578338114,0.2237564497242372,0.23239046034387242
2015-09-09,nighttime,6,-0.19738550848793252,0.7077669095113728,-0.5000000000000353
2015-09-10,daytime,6,0.6429141550209473,0.16849938929489422,0.7239263803681131
2015-09-10,nighttime,6,0.2773500981126137,0.5946421642969493,1.0000000000007194
2015-09-11,daytime,6,0.805746565670547,0.052936577042779626,0.24157303370785493
2015-09-11,nighttime,6,0.5980579130207335,0.2098677943692606,0.3366336633662975
2015-09-12,daytime,6,-0.8215838362577429,0.04490879035036962,-0.900000000000016
2015-09-12,nighttime,6,0.33421342287391215,0.5173454534173866,0.764705882352997
2015-09-13,daytime,6,-0.3568732135731601,0.48741559654232375,-0.3396226415093441
2015-09-13,nighttime,6,0.7140214209639385,0.11098142152813165,1.4000000000000021
2015-09-14,daytime,6,-0.4680458707431114,0.34919788155293585,-0.17647058823529593
2015-09-14,nighttime,6,-0.2952771784267251,0.5699566360457755,-0.09964412811387723
2015-09-15,daytime,6,0.4521995583581133,0.36793454932335656,3.9245283018873645
2015-09-15,nighttime,6,0.22555354977384656,0.6674071265258467,0.10810810810814002
2015-09-16,daytime,6,0.8355099778440227,0.038360150500676135,0.5500000000000012
2015-09-16,nighttime,6,0.6443213771542067,0.16726295607007072,0.37758112094394425
2015-09-17,daytime,6,-0.13633547078729602,0.7967638520977482,-0.07434944237919354
2015-09-17,nighttime,6,0.4677071733467377,0.3495947120646919,0.16666666666667662
2015-09-18,daytime,6,-0.7936805405407305,0.05946030460383335,-0.5616438356164561
2015-09-18,nighttime,6,0.8724643430254057,0.023360810046190502,1.4999999999999993
2015-09-19,daytime,6,0.5063131226253321,0.30542775449084725,0.11296910901199869
2015-09-19,nighttime,6,0.8038944539657565,0.0539152245176682,0.5290697674418239
2015-09-20,daytime,6,0.6634002784728176,0.15088079017649747,0.8512396694214817
2015-09-20,nighttime,6,-0.6764037418087651,0.14012919108451455,-0.35244519392915613
2015-09-24,daytime,6,-0.9069406980581003,0.012587102172440492,-0.7218069548261283
2015-09-24,nighttime,6,0.43309279302430076,0.39097828106349714,0.24528301886795595
2015-09-25,daytime,6,-0.9548387167517451,0.0030132581011500918,-1.358974358974312
2015-09-25,nighttime,6,0.23782574707725174,0.6499872206476196,0.04524886877829794
2015-09-26,daytime,6,NA,NA,NA
2015-09-26,nighttime,6,0.672159067007275,0.14360139716895096,0.5049504950495126
2015-09-27,daytime,6,NA,NA,5.801557143513557e-15
2015-09-27,nighttime,6,0.19999999999999998,0.7040000000000001,0.1999999999999102
2015-09-28,daytime,6,0.4296689244236848,0.395158360234356,1.0000000000001692
2015-09-28,nighttime,6,NA,NA,NA
2015-09-29,daytime,6,-0.14090046549416504,0.790047946085349,-0.22500000000008
2015-09-29,nighttime,6,0.10846522890933182,0.8379401873942925,0.13333333333331399
2015-09-30,daytime,6,0.8241722302854048,0.043655213583645,0.5735537190083039
2015-09-30,nighttime,6,0.6281442647921794,0.18170554200714537,0.7173913043477627
2015-10-01,daytime,6,-0.6670170091506025,0.14785631883955805,-0.7931034482756352
2015-10-01,nighttime,6,-0.49721207348800794,0.3156422358920411,-0.10179640718562656
2015-10-02,daytime,6,0.14484136487557125,0.7842572677028202,0.07692307692311726
2015-10-02,nighttime,6,0.36560000866606496,0.4760336509464055,0.1782178217822027
2015-10-03,daytime,6,-0.12156613477097315,0.8185490697753456,-0.1428571428571364
2015-10-03,nighttime,6,-0.19542142471857007,0.7105993894195997,-0.044554455445531736
2015-10-04,daytime,6,NA,NA,1.4503892858779463e-14
2015-10-04,nighttime,6,0.67572950721353775,0.1406782882930946,0.554455445544544
2015-10-05,daytime,6,0.4,0.43199999999999994,0.7999999999998606
2015-10-05,nighttime,6,-0.48949357543899535,0.32440193647331017,-0.10891089108905692
2015-10-06,daytime,6,-0.8676634895817453,0.02511062650780284,-1.1571428571428457
2015-10-06,nighttime,6,-0.08000000000000974,0.8802559999999855,-0.09999999999995103
2015-10-07,daytime,6,0.6271431656215938,0.18261563618241344,0.08550185873605022
2015-10-07,nighttime,6,0.8724643430253978,0.023360810046193312,0.25373134328358554
2015-10-08,daytime,6,-0.019117478730307412,0.9713272754134177,-0.018691588785064654
2015-10-08,nighttime,6,0.4548588261473407,0.36476612210457554,0.24999999999998793
2015-10-09,daytime,6,0.6063729861182341,0.2019186162026148,1.3675675675675816
2015-10-09,nighttime,6,0.9059426213224021,0.012854132764248146,0.9746192893400615
2015-10-10,daytime,6,0.9884588243046397,1.99029469636987e-4,0.9096989966555236
2015-10-10,nighttime,6,0.8457709306622478,0.03384561570334469,0.8749999999999679
2015-10-11,daytime,6,0.8845339263074864,0.019228900502192385,0.9194630872482904
2015-10-11,nighttime,6,0.8310145357023165,0.04042134889358665,0.8552631578947197
2015-10-12,daytime,6,-0.3189239823010523,0.5378333053577116,-0.1489361702127746
2015-10-12,nighttime,6,0.8799999999999978,0.020736000000000754,1.4666666666666657
2015-10-13,daytime,6,-0.4451319072597181,0.37640189462841217,-0.23529411764709623
2015-10-13,nighttime,6,NA,NA,NA
2015-10-14,daytime,6,0.06741998624634818,0.8990232478719469,0.10000000000018403
2015-10-14,nighttime,6,NA,NA,NA
2015-10-15,daytime,6,NA,NA,NA
2015-10-15,nighttime,6,NA,NA,NA
2015-10-16,daytime,6,0.316227766016838,0.5414697392755848,0.39999999999990743
2015-10-16,nighttime,6,NA,NA,NA
2015-10-17,daytime,6,0.11371470653682467,0.830163164590475,0.06250000000003986
2015-10-17,nighttime,6,-0.10846522890932264,0.8379401873943062,-0.19999999999987908
2015-10-18,daytime,6,-0.681529035990346,0.13598537187487156,-0.9480519480518829
2015-10-18,nighttime,6,0.48672479904406385,0.32756560454503647,0.29870129870126527
2015-10-19,daytime,6,-0.2030905986149963,0.6995524182947347,-0.31818181818191954
2015-10-19,nighttime,6,-0.26967994498529746,0.6052866259760648,-0.3999999999999428
2015-10-20,daytime,6,-0.9041427507996727,0.01334252079048775,-0.3969465648855477
2015-10-20,nighttime,6,0.8250644606790806,0.0432269369480961,0.556962025316472
2015-10-21,daytime,6,-0.34585723193303036,0.5018993932447737,-0.08771929824563053
2015-10-21,nighttime,6,-0.3808775370892744,0.4563102081781737,-0.15957446808507755
2015-10-22,daytime,6,-0.5423917974909555,0.2661951165906252,-0.9642857142858018
2015-10-22,nighttime,6,0.8254166036140135,0.04305844814604607,0.2822580645161428
2015-10-23,daytime,6,-0.6006500543618383,0.207376328263588,-0.34400000000008457
2015-10-23,nighttime,6,0.7399400733959407,0.09265267017963669,0.5641025641025904
2015-10-24,daytime,6,0.6420429772182471,0.1692667504446421,1.0851063829786733
2015-10-24,nighttime,6,0.331831824197987,0.5205216562712236,0.6999999999999308
2015-10-25,daytime,6,0.34575830711847966,0.5020300358753332,0.6640000000000155
2015-10-25,nighttime,6,0.7290360587031376,0.10018490247699983,0.8613861386138899
2015-10-26,daytime,6,NA,NA,NA
2015-10-26,nighttime,6,0.6911473732468898,0.12835420003082576,1.1089108910891305
2015-10-27,daytime,6,-0.37796447300923874,0.46005075284394625,-0.4999999999999897
2015-10-27,nighttime,6,0.8882347881957003,0.018039138374568192,0.7012987012987455
2015-10-28,daytime,6,0.13968605915391713,0.7918337020901381,0.03252032520325121
2015-10-28,nighttime,6,NA,NA,NA
2015-10-29,daytime,6,0.8672453567378414,0.02526587263199742,1.1724137931034329
2015-10-29,nighttime,6,NA,NA,NA
2015-10-30,daytime,6,0.9867457968375724,2.6234664341614496e-4,3.2272727272729385
2015-10-30,nighttime,6,NA,NA,NA
2015-10-31,daytime,6,NA,NA,NA
2015-10-31,nighttime,6,0.4152273992686998,0.41295436655114875,0.258620689655201
2015-11-02,daytime,6,0.931540978723598,0.0068695350797988676,1.3636363636364406
2015-11-02,nighttime,6,NA,NA,NA
2015-11-03,daytime,6,NA,NA,NA
2015-11-03,nighttime,6,NA,NA,NA
2015-11-04,daytime,6,0.29277002188455997,0.5733922538253555,0.07142857142856969
2015-11-04,nighttime,6,NA,NA,NA
2015-11-05,daytime,6,-0.2790702139817121,0.5922616988806371,-0.023963133640568016
2015-11-05,nighttime,6,0.8744746321952006,0.022645999311242105,0.3333333333333069
2015-11-06,daytime,6,NA,NA,-6.441988776236826e-14
2015-11-06,nighttime,6,-0.9475587393582705,0.004053019742964311,-0.30303030303032524
2015-11-07,daytime,6,NA,NA,NA
2015-11-07,nighttime,6,-0.447213595499958,0.37390096630005887,-0.5000000000000723
2015-11-08,daytime,6,-0.9405204537360718,0.005201510777818916,-0.4498714652956096
2015-11-08,nighttime,6,0.6567586718659175,0.1565024925172722,1.1904761904761
2015-11-09,daytime,6,-0.795256205529033,0.05858859994130816,-0.9999999999999811
2015-11-09,nighttime,6,0.7398338855944773,0.09272475586263107,1.2832618025750644
2015-11-10,daytime,6,0.7453862417234796,0.08898917737408486,0.33035714285714124
2015-11-10,nighttime,6,NA,NA,NA
2015-11-11,daytime,6,0.9440688069762267,0.004604962800083324,0.6339285714285632
2015-11-11,nighttime,6,NA,NA,8.70233571526436e-14
2015-11-12,daytime,6,0.7993360076321698,0.05635908479529329,0.9500000000000384
2015-11-12,nighttime,6,0.895533471188986,0.015799848495269428,0.7499999999999735
2015-11-13,daytime,6,-0.5,0.31250000000000006,-0.6666666666668796
2015-11-13,nighttime,6,-0.05096471914376679,0.9236191092312898,-0.19999999999830706
2015-11-14,daytime,6,-0.6201736729460432,0.1890036584551744,-0.12820512820510696
2015-11-14,nighttime,6,0.6006500543618325,0.20737632826359353,0.3439999999999939
2015-11-15,daytime,6,NA,NA,-0
2015-11-15,nighttime,6,-0.5585819804359564,0.24926968057224327,-0.48717948717948706
2015-11-16,daytime,6,NA,NA,NA
2015-11-16,nighttime,6,-0.39385555512541554,0.4397645370743576,-0.23489932885905307
2015-11-17,daytime,6,NA,NA,-0
2015-11-17,nighttime,6,0.292770021884559,0.5733922538253569,1.2000000000009718
2015-11-18,daytime,6,NA,NA,0
2015-11-18,nighttime,6,NA,NA,NA
2015-11-19,daytime,6,0.31149591164298973,0.547868310427106,0.1386138613861435
2015-11-19,nighttime,6,0,1,-2.685486412133341e-14
2015-11-20,daytime,6,0.29543074796599,0.5697463764567225,0.7931034482752383
2015-11-20,nighttime,6,NA,NA,NA
2015-11-21,daytime,6,0.3730019232961264,0.4664450749372802,0.8000000000001565
2015-11-21,nighttime,6,-0.9682458365518536,0.0014964810559003937,-1.9999999999999312
2015-11-22,daytime,6,-0.30256008285584346,0.5600084446020992,-0.41463414634145807
2015-11-22,nighttime,6,0.476603123819377,0.3392256421778347,0.8387096774193091
2015-11-23,daytime,6,-0.8664002254439588,0.025581045150037687,-1.1333333333332367
2015-11-23,nighttime,6,-0.07142857142856997,0.8930393586005854,-0.12500000000001027
2015-11-24,daytime,6,0.856824488875318,0.029281346828043488,0.8051948051949003
2015-11-24,nighttime,6,-0.7119060773078247,0.11254153714128762,-1.0389610389610207
2015-11-25,daytime,6,NA,NA,NA
2015-11-25,nighttime,6,-0.8328081600827948,0.039592900944604305,-1.0517241379310536
2015-11-26,daytime,6,NA,NA,0
2015-11-26,nighttime,6,-0.8590101659300582,0.02841589260803064,-1.1363636363634233
2015-11-27,daytime,6,-0.6796655169855116,0.13748584120063734,-0.1771844660194165
2015-11-27,nighttime,6,0.8755445444618303,0.022269885362254875,0.8717948717948559
2015-11-28,daytime,6,-0.12156613477096617,0.8185490697753559,-0.05172413793103853
2015-11-28,nighttime,6,-0.3162277660168244,0.5414697392756032,-0.12499999999997366
2015-11-29,daytime,6,-8.373838425168443e-15,0.9999999999999875,1.4622528761041735e-15
2015-11-29,nighttime,6,NA,NA,NA
2015-11-30,daytime,6,-0.46767710248335437,0.3496299519920967,-0.26732673267326035
2015-11-30,nighttime,6,NA,NA,NA
2015-12-01,daytime,6,-0.8664002254439621,0.02558104515003643,-0.6181818181818103
2015-12-01,nighttime,6,-0.632455532033676,0.1778078083562211,-1.2000000000000313
2015-12-02,daytime,6,0.29277002188455997,0.5733922538253555,0.19999999999998844
2015-12-02,nighttime,6,0.44721359549995787,0.373900966300059,0.599999999999861
2016-04-02,daytime,6,-0.3148336618027122,0.5433527005055088,-0.038123167155424915
2016-04-02,nighttime,6,-0.0755928946018489,0.8868266377960892,-0.4000000000009917
2016-04-03,daytime,6,0.6878381393457703,0.13095823036218585,1.205882352941131
2016-04-03,nighttime,6,NA,NA,NA
2016-04-04,daytime,6,-0.56091257380873,0.24686911393092614,-0.269111424541615
2016-04-04,nighttime,6,0.6457765999379612,0.16598837381750123,0.6623376623376798
2016-04-05,daytime,6,-0.1314008639635222,0.8040331000026032,-0.30000000000006644
2016-04-05,nighttime,6,-0.5326313505865048,0.2766057073843079,-0.1377952755905535
2016-04-06,daytime,6,-0.5285548955170333,0.2809989206615653,-0.3439306358381558
2016-04-06,nighttime,6,0.23613996227742268,0.6523738845284033,0.22304832713757655
2016-04-07,daytime,6,0.7936822932464601,0.05945933166862279,0.805194805194828
2016-04-07,nighttime,6,0.580793657205191,0.22676654187374232,0.4563758389261322
2016-04-08,daytime,6,0.6599120175960801,0.15382249356631233,0.2903225806451505
2016-04-08,nighttime,6,-0.5587442366156604,0.249102257621392,-3.1999999999993247
2016-04-09,daytime,6,-0.2390457218668799,0.6482612949673054,-0.10000000000001785
2016-04-09,nighttime,6,0.6005001042751962,0.20752012505220804,0.7560975609757242
2016-04-10,daytime,6,-0.6730364450951613,0.142880702758905,-0.04885057471264739
2016-04-10,nighttime,6,-0.7273238618387257,0.10139136869825352,-0.36799999999996835
2016-04-11,daytime,6,-0.707856190340834,0.1155550625432271,-0.06356736242885486
2016-04-11,nighttime,6,0.8179031221614101,0.0467198093429095,0.20000000000000578
2016-04-12,daytime,6,0.7905694150420948,0.061198819637512406,0.24999999999999153
2016-04-12,nighttime,6,0.943729578534677,0.004660454282634496,0.5484949832775827
2016-04-13,daytime,6,-4.6902764869513516e-15,0.9999999999999929,-4.1402066959981224e-14
2016-04-13,nighttime,6,0.5066945919381408,0.30500234725814723,0.26315789473686696
2016-04-14,daytime,6,0.21478976555843346,0.6827699762811344,0.21281464530894503
2016-04-14,nighttime,6,0.9392213450393483,0.005428807808081479,0.8156996587030461
2016-04-15,daytime,6,-0.8401314441797064,0.036293976021118356,-0.5960264900662599
2016-04-15,nighttime,6,-0.3584640895494383,0.48533455674392334,-0.13461538461538108
2016-04-16,daytime,6,-0.5065362251294784,0.30517892802963004,-0.5131578947368788
2016-04-16,nighttime,6,-0.6432675209026769,0.1681885505568832,-0.20689655172409718
2016-04-17,daytime,6,-0.7534105749568113,0.08371241604476123,-0.7272727272727311
2016-04-17,nighttime,6,0.7899531467283145,0.061545920818534876,0.40259740259739546
2016-04-18,daytime,6,-0.4314092308849233,0.3930317861838048,-0.5328467153285558
2016-04-18,nighttime,6,0.33333333333333237,0.5185185185185198,0.041666666666670654
2016-04-19,daytime,6,0.996929082835011,1.4131318159679318e-5,1.3449367088607633
2016-04-19,nighttime,6,0.9253915817165402,0.008141973368567597,1.638403990024911
2016-04-20,daytime,6,0.9960185246495217,2.3746661485491036e-5,0.7309782608695657
2016-04-20,nighttime,6,0.5769168605245564,0.23063321238173312,0.3811475409836097
2016-04-21,daytime,6,-0.32373302230467027,0.5313645737983284,-0.039421338155520874
2016-04-21,nighttime,6,0.16041616955013874,0.7614397681888596,0.4736842105267041
2016-04-22,daytime,6,0.953963882990847,0.003130203378503788,0.8462946020128119
2016-04-22,nighttime,6,0.750637604248356,0.08551952969819658,0.9331456720619299
2016-04-23,daytime,6,0.983841876604382,3.895181060691297e-4,0.6568514558315512
2016-04-23,nighttime,6,-0.5841371553121897,0.2234528019751803,-0.499999999999978
2016-04-24,daytime,6,-0.22652576112783293,0.6660233207519599,-0.036221590909096685
2016-04-24,nighttime,6,0.9643832567798934,0.0018802377439070981,0.42014742014741707
2016-04-25,daytime,6,0.5369502751078923,0.27198015715363266,0.13711667254140947
2016-04-25,nighttime,6,0.7246221033681243,0.1033081148465136,0.4782608695652235
2016-04-26,daytime,6,0.17099295087111233,0.7460103700207101,0.16274309109518523
2016-04-26,nighttime,6,0.9417771401165819,0.004986167242012243,3.5714285714282927
2016-04-27,daytime,6,0.3728841101004658,0.4665972153941218,0.6504363803399102
2016-04-27,nighttime,6,0.9689390977799456,0.001432186006950278,2.1515151515150994
2016-04-28,daytime,6,0.6612557212419448,0.1526864684540817,0.69794177637679
2016-04-28,nighttime,6,0.3178536264305624,0.5392760837511654,0.25979381443303123
2016-04-29,daytime,6,0.9969794492204572,1.3671811177325833e-5,0.9050785973397837
2016-04-29,nighttime,6,0.45729379512323903,0.3618734012236873,0.17032967032969012
2016-04-30,daytime,6,0.9882465857659539,2.0640229477610883e-4,0.9790601412223071
2016-04-30,nighttime,6,0.8145141523063488,0.04841667927531917,0.5339233038348065
2016-05-01,daytime,6,-0.33529372620525505,0.5159065866930947,-0.26748654880861056
2016-05-01,nighttime,6,0.48488113787642834,0.32967842694826105,0.9090909090908138
2016-05-02,daytime,6,0.22384910936505198,0.6698346989679981,0.5019685039369727
2016-05-02,nighttime,6,0.3185131942146579,0.5383868947499174,0.3724489795918577
2016-05-03,daytime,6,0.9476448932001638,0.00403983164059815,1.5240040858018395
2016-05-03,nighttime,6,-0.4082482904638533,0.4216482551762062,-0.4999999999999922
2016-05-04,daytime,6,0.9878314200484511,2.2121057984526618e-4,0.8224967490247039
2016-05-04,nighttime,6,0.5139865158748378,0.29691325465002955,0.21783439490445286
2016-05-05,daytime,6,0.5471698113207646,0.2611551817943565,0.5471698113207452
2016-05-05,nighttime,6,0.9780090922523822,7.200826335938804e-4,0.6573489630297545
2016-05-06,daytime,6,0.9303164195377823,0.007114517265755407,2.033898305084769
2016-05-06,nighttime,6,0.9835916300048956,4.01643058329849e-4,0.7904574520413207
2016-05-07,daytime,6,0.7383503845211778,0.09373444738609911,1.5725806451612974
2016-05-07,nighttime,6,NA,NA,NA
2016-05-08,daytime,6,-0.48420012470627033,0.33046011464061603,-0.3684210526316295
2016-05-08,nighttime,6,0.8257228238447679,0.04291218145265362,1.3636363636362732
2016-05-09,daytime,6,0.9723827774672268,0.0011335344911997864,1.2941467028895999
2016-05-09,nighttime,6,0.9691769866688694,0.0014104453986926802,0.9580152671755664
2016-05-10,daytime,6,-0.3932275441644197,0.44056065873439326,-0.6749116607774162
2016-05-10,nighttime,6,0.9640988129419932,0.0019102064138467676,1.0420757363253632
2016-05-11,daytime,6,0.99075632345352,1.2777341860247324e-4,0.9549906716417906
2016-05-11,nighttime,6,0.9913926411433208,1.1081109464115016e-4,1.536423841059593
2016-05-12,daytime,6,0.9981616205616916,5.066351909407034e-6,1.1104513064132981
2016-05-12,nighttime,6,0.9792308236678956,6.425585459701558e-4,0.669117647058822
2016-05-13,daytime,6,0.9995690009873384,2.786001921525618e-7,0.6380510440835278
2016-05-13,nighttime,6,0.9259232379781573,0.008027806829930205,0.7165775401069399
2016-05-14,daytime,6,0.3765760789348671,0.4618369224694874,0.7577720207253844
2016-05-14,nighttime,6,0.9650088359186886,0.0018151510775499676,0.774793388429758
2016-05-15,daytime,6,NA,NA,NA
2016-05-15,nighttime,6,0.9824309423837192,4.602961420940947e-4,1.206463195691134
2016-05-16,daytime,6,0.22742941307366396,0.6647376755552019,0.04137931034481863
2016-05-16,nighttime,6,0.9916174674641234,1.0510577048719715e-4,1.2176870748299378
2016-05-17,daytime,6,-0.2766425067322017,0.595622114328933,-1.0740740740740002
2016-05-17,nighttime,6,0.8555055603440221,0.029809540720101172,3.2500000000000133
2016-05-18,daytime,6,0.9985585838870086,3.1150232151759955e-6,2.2520215633423377
2016-05-18,nighttime,6,-0.2143732314281378,0.6833660083593591,-0.312499999999896
2016-05-19,daytime,6,0.9967905774402654,1.5434060593297464e-5,1.8242990654205806
2016-05-19,nighttime,6,0.6254399171545406,0.18416838220015444,0.6493506493506495
2016-05-20,daytime,6,NA,NA,2.8377181680219853e-14
2016-05-20,nighttime,6,NA,NA,NA
2016-05-21,daytime,6,-0.9833958510809725,4.112577786450216e-4,-3.3809523809523405
2016-05-21,nighttime,6,0.8783100656536819,0.021311641128756057,0.8999999999999436
2016-05-22,daytime,6,0.9770639374920629,7.830615385465385e-4,0.9307875894988042
2016-05-22,nighttime,6,0.8268106308031108,0.04239446714893879,0.9166666666666942
2016-05-24,daytime,6,0.9635505826495838,0.0019686274183607112,1.5197095435684675
2016-05-24,nighttime,6,0.9635020143187492,0.001973844900825274,0.9905213270142061
2016-05-25,daytime,6,0.9973217708592534,1.074976164544161e-5,1.6143589743589795
2016-05-25,nighttime,6,0.8387421368293254,0.036909464977954644,1.3749999999999476
2016-05-26,daytime,6,0.3289181764191332,0.5244150981757325,0.23932312651088072
2016-05-26,nighttime,6,0.8210484640966147,0.045170137429862874,0.7293497363795731
2016-05-27,daytime,6,0.727499295417586,0.10126745845469332,1.0196270853778153
2016-05-27,nighttime,6,0.9519563303651473,0.0034068442283679474,0.8265624999999999
2016-05-28,daytime,6,0.9974780931604769,9.532001479312022e-6,0.71437525182433
2016-05-28,nighttime,6,0.8989317503653685,0.014805991098680088,0.464412811387898
2016-05-29,daytime,6,0.9915009756092074,1.0804316661244543e-4,0.7651398370402998
2016-05-29,nighttime,6,0.8309532631170168,0.040449791544224206,0.772036474164109
2016-05-30,daytime,6,0.9950893517105799,3.611249110144207e-5,0.8747016706443949
2016-05-30,nighttime,6,0.9786329342142662,6.799496674671561e-4,0.8256227758006928
2016-05-31,daytime,6,0.9960973002549388,2.2816876812819097e-5,1.0072153928380583
2016-05-31,nighttime,6,0.8105655606152931,0.05042914427550448,0.3347457627118739
2016-06-01,daytime,6,0.9995982208110991,2.42107346043409e-7,2.2181562280084552
2016-06-01,nighttime,6,0.40006613209932096,0.4319166761790731,0.1964285714285747
2016-06-02,daytime,6,0.9884649233757044,1.9881957202176007e-4,0.991664093856131
2016-06-02,nighttime,6,0.8684188873507198,0.024831313143193336,0.5984555984555895
2016-06-03,daytime,6,0.9983009219262252,4.327846945556537e-6,1.1128192712746645
2016-06-03,nighttime,6,0.707187273392787,0.11605616123440893,0.8671328671328673
2016-06-04,daytime,6,0.9231818955561186,0.00862487912523181,0.7317440565852397
2016-06-04,nighttime,6,0.6799753882718754,0.13723584751540407,0.5282051282051468
2016-06-05,daytime,6,0.8789849158500422,0.02108086407587403,1.6997518610422022
2016-06-05,nighttime,6,0.9572339139475848,0.002704298911931977,0.8947368421052254
2016-06-06,daytime,6,0.8453994064975859,0.03400443432077207,1.3871817383669884
2016-06-06,nighttime,6,0.8677282726159464,0.025086614301318137,1.2169811320754764
2016-06-07,daytime,6,0.9927794432781835,7.801643200057205e-5,1.1453431104301275
2016-06-07,nighttime,6,0.9563807641221572,0.0028124608056960126,0.6815144766146778
2016-06-08,daytime,6,0.9819567414422345,4.8540169484883954e-4,1.1345419847328202
2016-06-08,nighttime,6,0.9542765533272902,0.003088154877044405,0.788546255506599
2016-06-09,daytime,6,0.9824566245197187,4.5895537232354687e-4,1.6482649842271269
2016-06-09,nighttime,6,0.9811426055357911,5.30049131730174e-4,0.7817418677859197
2016-06-10,daytime,6,0.9788884482919555,6.638417391540345e-4,1.4008728179551075
2016-06-10,nighttime,6,0.9875538317945556,2.313966545672556e-4,1.390374331550753
2016-06-11,daytime,6,0.9799339119794471,5.999320486874137e-4,1.2979204339963872
2016-06-11,nighttime,6,0.912786700331641,0.011077560318601862,0.7068557919621675
2016-06-12,daytime,6,0.997387666851008,1.0227513069699526e-5,0.9217724288840313
2016-06-12,nighttime,6,0.9483704121448491,0.003929609228207605,0.7474999999999751
2016-06-13,daytime,6,0.9893159078993087,1.7061494240754981e-4,0.8700862895493804
2016-06-13,nighttime,6,0.7809448443977507,0.06672204331770222,0.5016286644951153
2016-06-14,daytime,6,0.9974090829610759,1.006058043373037e-5,0.7405906195715151
2016-06-14,nighttime,6,0.11000868523905351,0.8356526297909554,0.04840764331210468
2016-06-15,daytime,6,0.9954610039124382,3.0856970923851914e-5,0.9331404693024814
2016-06-15,nighttime,6,0.009090593555125568,0.9863644852855975,0.005834305717630428
2016-06-16,daytime,6,0.9992934214768245,7.487034333214935e-7,0.802995329862045
2016-06-16,nighttime,6,0.7843251673299416,0.06475732444074696,0.6042780748662864
2016-06-17,daytime,6,0.9259232379781603,0.008027806829929561,0.9852941176470781
2016-06-17,nighttime,6,0.9329790185157543,0.0065871951155962415,0.4567901234567829
2016-06-18,daytime,6,0.9895290152673063,1.6388825456080023e-4,1.3957087583538705
2016-06-18,nighttime,6,0.6772267816570495,0.13946015716248178,0.38829071332435944
2016-06-19,daytime,6,0.9799937989927703,5.963683963544858e-4,1.3229715489989484
2016-06-19,nighttime,6,0.9688012754518066,0.001444856818438643,0.9051878354203683
2016-06-20,daytime,6,0.8113668453241131,0.05001768405973181,1.7070457354759536
2016-06-20,nighttime,6,0.8478938218961438,0.0329448478466532,0.9090909090909148
2016-06-21,daytime,6,0.18246596199023163,0.7293385521266015,0.39133052378082944
2016-06-21,nighttime,6,0.8583453692676969,0.028677828264700975,1.542750929368019
2016-06-22,daytime,6,0.9625888468849634,0.002073211346319206,2.6640959725792888
2016-06-22,nighttime,6,0.8433896747772696,0.03486961635968209,2.228187919463029
2016-06-23,daytime,6,0.05100198778819073,0.9235633515733719,0.12753950338599054
2016-06-23,nighttime,6,0.9122602945348443,0.01120966251937475,2.0243161094224678
2016-06-24,daytime,6,0.9624736777847048,0.002085914538603908,1.4876553170889195
2016-06-24,nighttime,6,0.8603614135411746,0.027887000393895665,2.3275862068966418
2016-06-25,daytime,6,0.995740271239366,2.7179286666303558e-5,1.2915037030873047
2016-06-25,nighttime,6,0.9557875441464271,0.002888899923238243,1.6406249999999647
2016-06-26,daytime,6,0.9725012974858482,0.0011238709942087929,1.2942845561410714
2016-06-26,nighttime,6,-0.04663248204293683,0.93010198016242,-0.03914259086672733
2016-06-27,daytime,6,0.44936171741613884,0.3713263204090676,0.7819354838709738
2016-06-27,nighttime,6,0.9548621562419574,0.003010154924402708,0.7314132618888112
2016-06-28,daytime,6,0.9993346269170776,6.639347217851478e-7,2.547096774193556
2016-06-28,nighttime,6,0.9402746458015173,0.005244153210159358,1.7826086956521228
2016-06-29,daytime,6,0.9379945194406499,0.005647823825395214,3.8758389261745134
2016-06-29,nighttime,6,0.8795989942670889,0.020871912571164275,1.7021276595744526
2016-06-30,daytime,6,0.35520057470703364,0.48960651300725344,2.900990099009817
2016-06-30,nighttime,6,0.7410166655156298,0.09192323861224622,2.831168831168628
2016-07-01,daytime,6,0.2027232420403707,0.7000807663738751,0.46835443037977903
2016-07-01,nighttime,6,0.9654887059208128,0.0017659921452618259,2.2673267326731463
2016-07-02,daytime,6,0.9944617590656155,4.5923234196034216e-5,3.6112852664577413
2016-07-02,nighttime,6,0.8948237159982829,0.016011343380719512,2.108910891088996
2016-07-03,daytime,6,0.9789841238623261,6.578595647443717e-4,1.937914691943144
2016-07-03,nighttime,6,0.9532088184072766,0.003232899362448648,1.709677419354755
2016-07-04,daytime,6,0.990167271607055,1.44548494858454e-4,1.8506825938566636
2016-07-04,nighttime,6,0.9931064606880984,7.111753282526071e-5,1.2218181818181604
2016-07-05,daytime,6,0.7701713500961674,0.07316189897807891,3.7931034482759043
2016-07-05,nighttime,6,0.9572328645237439,0.0027044306737672346,1.664974619289206
2016-07-06,daytime,6,0.9534479489054151,0.0032001988689050326,3.8453608247423827
2016-07-06,nighttime,6,0.8941611639704824,0.016209992947937964,1.8205128205127177
2016-07-07,daytime,6,0.9946580039798739,4.272916015808018e-5,6.136000000000376
2016-07-07,nighttime,6,0.8153742483272114,0.04798336390366806,1.5714285714286262
2016-07-08,daytime,6,0.9933121092344018,6.694225674137917e-5,3.424483306836285
2016-07-08,nighttime,6,0.7298664944894186,0.09960206015177385,1.409090909091133
2016-07-09,daytime,6,0.9582144124206964,0.002582573437935971,3.8000000000001206
2016-07-09,nighttime,6,0.7455104694269996,0.08890638456366266,1.7012987012986212
2016-07-10,daytime,6,0.982615782637899,4.5068966896701307e-4,2.1870078740157557
2016-07-10,nighttime,6,0.9549744987179202,0.0029953036445049585,2.036303630363051
2016-07-11,daytime,6,0.9347575786879662,0.006246005725908036,3.2380952380954096
2016-07-11,nighttime,6,0.926082632061897,0.007993731906469476,1.4651162790697623
2016-07-12,daytime,6,0.9259463707951266,0.008022857168007184,1.778989458378796
2016-07-12,nighttime,6,0.9607348040101213,0.002282364755967581,2.849999999999948
2016-07-13,daytime,6,0.9160463959379175,0.01027645023595077,2.807626636311971
2016-07-13,nighttime,6,0.9928175329695571,7.719648501153257e-5,1.93617021276591
2016-07-14,daytime,6,0.962386019249648,0.0020956089746679684,3.1793893129772064
2016-07-14,nighttime,6,0.9839063514679863,3.8642411267989256e-4,2.377483443708619
2016-07-15,daytime,6,0.9907285651898675,1.2854077119158437e-4,2.0358718588145077
2016-07-15,nighttime,6,0.9476248165917834,0.004042903005774861,2.4227272727272875
2016-07-16,daytime,6,0.79114674703349,0.06087446574824853,1.3271119842829262
2016-07-16,nighttime,6,0.9620877867133414,0.0021287575815281006,2.307101727447148
2016-07-17,daytime,6,0.8868804459431217,0.01847030946286497,2.7583395107488093
2016-07-17,nighttime,6,0.9318404424035058,0.0068102626473244545,3.923076923076521
2016-07-18,daytime,6,0.48971318598225566,0.32415148540910527,4.676470588235554
2016-07-18,nighttime,6,0.8503392987960292,0.03192141367836655,3.6153846153846843
2016-07-19,daytime,6,0.9974475828169198,9.76393592826943e-6,2.7201609298167435
2016-07-19,nighttime,6,0.9585128521762952,0.0025460716560285358,1.8642533936650938
2016-07-20,daytime,6,0.994107737380275,5.19758521474315e-5,1.636205698401679
2016-07-20,nighttime,6,0.9157827398451855,0.010340162927920607,2.7763157894736374
2016-07-21,daytime,6,0.9754451886453501,8.970056172304282e-4,3.0841507485803503
2016-07-21,nighttime,6,0.9440609638711022,0.004606242106514291,2.36659436008669
2016-07-22,daytime,6,0.8967631239175775,0.015436637171664947,3.8750000000000835
2016-07-22,nighttime,6,0.993199994726583,6.920289121198308e-5,2.017574692442905
2016-07-23,daytime,6,0.9817296593885343,4.976586504032467e-4,2.4674157303371147
2016-07-23,nighttime,6,0.9887907025816703,1.8776830806399702e-4,2.1779661016949357
2016-07-24,daytime,6,0.9591808480261029,0.002465298251637858,3.1354279523294033
2016-07-24,nighttime,6,0.9931837155018978,6.953425333876974e-5,3.1461538461536884
2016-07-25,daytime,6,-0.1083862720982228,0.8380572302695071,-0.14979757085022039
2016-07-25,nighttime,6,0.980261632026809,5.80559689998726e-4,2.5464190981430908
2016-07-26,daytime,6,0.8912250561047149,0.01710447069088746,4.995230524642512
2016-07-26,nighttime,6,0.711760585718184,0.11264919218224487,3.049999999999517
2016-07-27,daytime,6,0.1341896469188666,0.79992369680438,0.40046838407492963
2016-07-27,nighttime,6,0.862201873394266,0.027174207827725377,7.499999999998302
2016-07-28,daytime,6,-0.48719268197797105,0.3270302029454651,-2.0000000000003317
2016-07-28,nighttime,6,0.839192096655384,0.036709592265165965,3.3539823008846974
2016-07-29,daytime,6,0.980246605439347,5.814410413381381e-4,3.584337349397699
2016-07-29,nighttime,6,0.6538202474920252,0.15901746792056248,1.7500000000000868
2016-07-30,daytime,6,-0.08780176891693908,0.8686357851554499,-0.11504424778757387
2016-07-30,nighttime,6,0.10846522890932597,0.8379401873943012,0.1999999999999944
2016-07-31,daytime,6,-0.4440142747379635,0.3777470011258806,-17.6000000000309
2016-07-31,nighttime,6,0.7175806916283315,0.10837802258476022,3.400000000000445
2016-08-01,daytime,6,-0.5989618841137588,0.2089975606075446,-0.6363636363637147
2016-08-01,nighttime,6,0.48911598804451895,0.3248327150677336,2.5000000000011284
2016-08-02,daytime,6,0.26754692104946337,0.608255303988261,2.8260869565220865
2016-08-02,nighttime,6,0.7383161185050515,0.09375782695233219,1.3861386138611012
2016-08-03,daytime,6,0.8744373417001228,0.022659162486461847,6.831460674157354
2016-08-03,nighttime,6,0.9428090415820635,0.004812678330044211,1.9999999999996507
2016-08-04,daytime,6,-0.7992478647537509,0.056406831669144696,-4.772727272726531
2016-08-04,nighttime,6,-0.2867696673382023,0.5816370149194319,-0.41666666666654495
2016-08-05,daytime,6,-0.9834640270682574,4.078968162019274e-4,-4.829999999999627
2016-08-05,nighttime,6,-0.5897678246195902,0.2179165803957612,-0.6666666666667044
2016-08-06,daytime,6,0.9877207930748431,2.2524266127027314e-4,4.812500000000217
2016-08-06,nighttime,6,0.7842815398577809,0.06478251068400018,0.9240506329113252
2016-08-07,daytime,6,0.8441783092903727,0.03452889250873696,3.7678571428574776
2016-08-07,nighttime,6,0.8714010828993191,0.02374315825439395,1.7894736842104901
2016-08-08,daytime,6,0.9501752094648743,0.0036619193636095813,3.7534537725823496
2016-08-08,nighttime,6,0.9943081609911705,4.8503347610381526e-5,2.529745042492762
2016-08-09,daytime,6,-0.3914525996276732,0.4428132470727914,-3.0882352941179727
2016-08-09,nighttime,6,0.8882176431559483,0.01804456617327813,1.8124999999997606
2016-08-10,daytime,6,0.521485199332896,0.2886803200254232,4.9411764705881405
2016-08-10,nighttime,6,NA,NA,NA
2016-08-11,daytime,6,0.40871607597002546,0.4210636573460172,2.32352941176478
2016-08-11,nighttime,6,NA,NA,NA
2016-08-12,daytime,6,0.5899521524821273,0.2177362897214027,7.090909090910087
2016-08-12,nighttime,6,NA,NA,NA
2016-08-13,daytime,6,-0.1583773331489309,0.7644203196646933,-2.0357142857156956
2016-08-13,nighttime,6,0.7140128315425621,0.11098773706610433,6.199999999997912
2016-08-14,daytime,6,0.9775105676922988,7.529745568568695e-4,5.396000000000058
2016-08-14,nighttime,6,NA,NA,NA
2016-08-15,daytime,6,0.8039368020317689,0.05389275550221603,6.792682926830056
2016-08-15,nighttime,6,0.7359800721939926,0.09535782792822026,0.666666666666598
2016-08-16,daytime,6,0.9215688326086442,0.00898593940294228,4.394148020654465
2016-08-16,nighttime,6,0.45683219257612984,0.36242115731766245,2.4000000000015573
2016-08-17,daytime,6,0.8480282334336877,0.0328882010260728,5.812500000000766
2016-08-17,nighttime,6,0.9683113005887479,0.0014903500267664026,2.529411764705413
2016-08-18,daytime,6,0.9829353469397435,4.3431894227317295e-4,3.585441404233371
2016-08-18,nighttime,6,0.027116307227331472,0.9593355083896011,0.4000000000057757
2016-08-19,daytime,6,0.9706443199124816,0.0012799852140603142,6.900000000000157
2016-08-19,nighttime,6,0.9009374626955542,0.014234009972717678,3.5714285714281653
2016-08-20,daytime,6,0.7494337485036465,0.08630946317455207,7.13207547169812
2016-08-20,nighttime,6,-0.25041771123533185,0.6322251590427598,-2.4999999999982383
2016-08-21,daytime,6,-0.6692493012906794,0.14600263124282714,-3.2452830188680197
2016-08-21,nighttime,6,0.6179143806533248,0.19109390169019283,8.4000000000037
2016-08-22,daytime,6,0.6967176760267239,0.12402227249144904,3.500000000000255
2016-08-22,nighttime,6,0.07905694150417536,0.8816616406859372,0.06250000000004752
2016-08-23,daytime,6,0.885360912125466,0.018959880351422907,13.317073170731941
2016-08-23,nighttime,6,0.807725139125383,0.051900268711256345,1.0198019801980118
2016-08-24,daytime,6,0.5333548285313193,0.27582878070898675,4.590909090911534
2016-08-24,nighttime,6,0.8576900278702368,0.02893715235381303,0.8275862068964839
2016-08-25,daytime,6,NA,NA,NA
2016-08-25,nighttime,6,0.7940666671767403,0.05924614061080515,1.103448275862104
2016-08-26,daytime,6,0.9954557785528273,3.092800387184941e-5,4.082191780821992
2016-08-26,nighttime,6,0.8907861696277065,0.017240158358233292,1.1039999999999657
2016-08-27,daytime,6,0.9856786309877357,3.061837476544974e-4,2.7174887892376915
2016-08-27,nighttime,6,0.9207945437270083,0.009161808569728012,2.473684210526418
2016-08-28,daytime,6,0.9690297814371617,0.001423879045457406,3.7859922178989085
2016-08-28,nighttime,6,0.9015384615384606,0.014064735548475456,2.3439999999999572
2016-08-29,daytime,6,0.9080378538134262,0.012296690891161798,6.71794871794937
2016-08-29,nighttime,6,0.8751535819910681,0.02240697479157566,2.285714285713942
2016-08-30,daytime,6,0.9517733169683649,0.003432636312235126,2.913705583756402
2016-08-30,nighttime,6,0.8660788670930522,0.02570137571492643,1.516853932584254
2016-08-31,daytime,6,0.7030596968013422,0.11916917610076502,4.861386138613883
2016-08-31,nighttime,6,0.8838834764831939,0.019441768276464187,0.8333333333331385
2016-09-01,daytime,6,0.5310017395645055,0.27835877188967334,1.498220640569363
2016-09-01,nighttime,6,0.7142857142857083,0.1107871720116661,0.7142857142857878
2016-09-02,daytime,6,-0.8453329153910629,0.03403289478040363,-1.2999999999999674
2016-09-02,nighttime,6,0.6507116342688215,0.1616965407575766,1.870129870129941
2016-09-03,daytime,6,0.7565003784691403,0.08171930075138585,0.966887417218538
2016-09-03,nighttime,6,0.8583458652536721,0.02867763241759469,0.42857142857142033
2016-09-04,daytime,6,-0.5000000000000073,0.31249999999999184,-0.49999999999996064
2016-09-04,nighttime,6,0.9805806756909196,5.620036227160263e-4,0.8333333333333174
2016-09-05,daytime,6,0.9776984793422394,7.404908175835834e-4,1.9185520361991701
2016-09-05,nighttime,6,0.8799417161878317,0.02075572772598241,1.0267857142856172
2016-09-06,daytime,6,0.9195789195552545,0.00944126158320125,1.6488812392427556
2016-09-06,nighttime,6,0.8488328736885036,0.0325500523166195,1.4158415841582308
2016-09-07,daytime,6,0.8948838809408254,0.015993362785697254,2.5454545454547
2016-09-07,nighttime,6,0.9311469708844347,0.006947902286096217,2.179487179487089
2016-09-08,daytime,6,0.6759950293471861,0.1404619368007136,5.293103448276388
2016-09-08,nighttime,6,0.9751541044036813,9.183088761267789e-4,1.0217391304347168
2016-09-09,daytime,6,0.9873248769711324,2.3996993102375202e-4,2.565375302663451
2016-09-09,nighttime,6,NA,NA,NA
2016-09-10,daytime,6,0.019196392277265467,0.9712089485335502,0.043478260869549784
2016-09-10,nighttime,6,0.8672273827165096,0.025272556300920516,1.7812499999999694
2016-09-11,daytime,6,0.992905448283632,7.532045224024523e-5,2.391689750692542
2016-09-11,nighttime,6,0.8884158626839112,0.01798186140486646,1.7524752475246466
2016-09-12,daytime,6,0.9936334050384685,6.067126681789134e-5,5.499999999999943
2016-09-12,nighttime,6,0.9392612566334753,0.005421753886097493,1.8235294117647025
2016-09-13,daytime,6,0.8884089727098647,0.017984039222754693,2.459677419354827
2016-09-13,nighttime,6,0.5296271413323806,0.2798407944996605,0.8695652173914348
2016-09-14,daytime,6,0.7953586135964064,0.058532149625779045,2.304347826086972
2016-09-14,nighttime,6,NA,NA,NA
2016-09-15,daytime,6,0.9207791801867166,0.009165314949542574,2.6447368421053787
2016-09-15,nighttime,6,0.6797199649629355,0.137441900230923,1.937499999999323
2016-09-16,daytime,6,0.902768754766382,0.013721264608213329,6.118644067796715
2016-09-16,nighttime,6,0.8273287946596131,0.04214889193788841,1.7222222222222547
2016-09-17,daytime,6,0.8653010738747742,0.025993725813921377,2.5921052631583024
2016-09-17,nighttime,6,0.5019285589086062,0.3103331643188986,0.7115384615384649
2016-09-18,daytime,6,0.7902111298910294,0.06140050723800833,2.4158415841584717
2016-09-18,nighttime,6,0.71374642714632,0.1111836944970305,1.4999999999995643
2016-09-19,daytime,6,-0.02012109091463757,0.9698224367233705,-0.39999999999978636
2016-09-19,nighttime,6,0.8311688311688383,0.04034976661051552,1.6623376623375694
2016-09-20,daytime,6,0.9035892166915032,0.013494487705140433,3.6358381502889645
2016-09-20,nighttime,6,0.9725290781677325,0.0011216118326521228,0.5714285714285892
2016-09-21,daytime,6,NA,NA,NA
2016-09-21,nighttime,6,0.44721359549995804,0.37390096630005887,0.6000000000002121
2016-09-22,daytime,6,0.4775714643019174,0.3381037408540337,1.9545454545452834
2016-09-22,nighttime,6,-0.6185583770559826,0.19049712592580265,-0.563636363636336
2016-09-23,daytime,6,-0.575203609399065,0.23235028669845054,-1.9433962264149978
2016-09-23,nighttime,6,-0.9848202248021427,3.438894583716206e-4,-0.7647058823528987
2016-09-24,daytime,6,0.8395339587130868,0.03655807744673628,1.3870967741936204
2016-09-24,nighttime,6,0.7061878636038016,0.11680660694745423,0.6233766233765397
2016-09-25,daytime,6,0.921820562853468,0.008929119275405156,2.2682926829268664
2016-09-25,nighttime,6,0.8861862597425678,0.018693204225281625,1.1086956521738596
2016-09-26,daytime,6,0.5831837760200567,0.2243957041795753,0.7094736842105632
2016-09-26,nighttime,6,0.9695896898516707,0.00137311891578856,0.7916666666666475
2016-09-27,daytime,6,0.629801519862536,0.18020309228012205,1.843750000000207
2016-09-27,nighttime,6,0.810930758851936,0.050241421018521776,1.3749999999999016
2016-09-28,daytime,6,-0.32754347014937296,0.5262550003095872,-0.46529562982014205
2016-09-28,nighttime,6,NA,NA,NA
2016-09-29,daytime,6,0.07748784944897673,0.884000858562326,0.2499999999998135
2016-09-29,nighttime,6,-0.6432675209026754,0.16818855055688456,-0.3333333333333455
2016-09-30,daytime,6,0.7407969171011899,0.09207191724350573,0.37298701298700865
2016-09-30,nighttime,6,0.8461307475495771,0.03369213553999726,1.2142857142855443
2016-10-01,daytime,6,-0.14953715113863597,0.7773662002949375,-0.2564102564102627
2016-10-01,nighttime,6,0.14638501094227216,0.781990894418116,0.07499999999997392
2016-10-02,daytime,6,0.7357010155150057,0.09554976535321424,2.33962264150912
2016-10-02,nighttime,6,0.8976707856159964,0.015171143854690872,0.8613861386137734
2016-10-03,daytime,6,-0.13711585057950235,0.7956151649889027,-0.12871287128717931
2016-10-03,nighttime,6,-0.8146881698903548,0.04832886349091443,-0.26548672566371057
2016-10-04,daytime,6,0.9213136803704783,0.009043710719627531,5.133333333333138
2016-10-04,nighttime,6,0.5042194840896085,0.30776647099562165,1.000000000000157
2016-10-05,daytime,6,-0.5963382933631354,0.21152728110907867,-1.9245283018867805
2016-10-05,nighttime,6,0.887418531235748,0.018298418847311988,1.1206896551723977
2016-10-06,daytime,6,-0.21536524612696994,0.681946686610263,-0.3896103896103326
2016-10-06,nighttime,6,0.4330927930243083,0.39097828106348786,0.24528301886787737
2016-10-07,daytime,6,0.6349489289295266,0.1755696568914181,0.9519999999999726
2016-10-07,nighttime,6,-0.21821789023599236,0.6778688286992494,-0.07142857142856478
2016-10-08,daytime,6,-0.8229813554659983,0.044229908004778294,-0.4871794871794588
2016-10-08,nighttime,6,0.29277002188455997,0.5733922538253555,0.0714285714285824
2016-10-09,daytime,6,-0.38070981822732247,0.4565253066557644,-0.09848484848483999
2016-10-09,nighttime,6,0.2901905000440161,0.5769327973042511,0.052631578947379694
2016-10-10,daytime,6,-0.9626509401539016,0.0020663783291479084,-0.9411764705882151
2016-10-10,nighttime,6,-0.8328707558159616,0.039564133970272676,-0.47169811320752
2016-10-11,daytime,6,-0.3350784032003615,0.5161932839873382,-0.27007299270074653
2016-10-11,nighttime,6,0.20267783677525777,0.7001460758876963,0.10526315789476144
2016-10-12,daytime,6,0,1,-3.329633147686682e-14
2016-10-12,nighttime,6,NA,NA,3.150845690010717e-14
2016-10-13,daytime,6,0.05175491695066412,0.9224369391949199,0.04687499999997338
2016-10-13,nighttime,6,-0.0399149387660325,0.9401593881378068,-0.011152416356854477
2016-10-14,daytime,6,0.4588314677411092,0.36005084762423945,0.9999999999999533
2016-10-14,nighttime,6,-0.04740454631399829,0.9289464440641868,-0.04999999999996088
2016-10-15,daytime,6,NA,NA,NA
2016-10-15,nighttime,6,0.6928203230275541,0.1270463929852833,2.3999999999984856
2016-10-16,daytime,6,0.78230849346493,0.06592623218607574,0.2541666666666639
2016-10-16,nighttime,6,0.9173286442120111,0.009969318717575382,1.4615384615384492
2016-10-17,daytime,6,-0.030962868679688463,0.9535705390197546,-0.02808988764046377
2016-10-17,nighttime,6,NA,NA,NA
2016-10-18,daytime,6,0.4361272100488766,0.38728639669317855,0.2426778242677741
2016-10-18,nighttime,6,NA,NA,NA
2016-10-19,daytime,6,0.9914132996165566,1.1028058039142971e-4,1.6767123287671144
2016-10-19,nighttime,6,NA,NA,NA
2016-10-20,daytime,6,0.3447858204247277,0.5033148665112966,0.4154025670945021
2016-10-20,nighttime,6,0.8954045293257255,0.015838170391257,2.1428571428569305
2016-10-21,daytime,6,0.9967406206386086,1.591801763616161e-5,1.6085106382979049
2016-10-21,nighttime,6,0.9458757059274856,0.004314881898668401,1.4500000000000273
2016-10-22,daytime,6,-0.6489053808512526,0.16326188141812464,-0.8793103448276353
2016-10-22,nighttime,6,0.9119666486866916,0.01128368285947968,0.8316831683168662
2016-10-23,daytime,6,0.5967294303286195,0.2111493563558726,0.5135135135134993
2016-10-23,nighttime,6,-0.7621908144748354,0.07810537682792738,-0.8613861386138563
2016-10-24,daytime,6,0.7293968086257976,0.09993152433122049,1.2413793103448305
2016-10-24,nighttime,6,-0.3418817293789055,0.5071575069992391,-0.11688311688312426
2016-10-25,daytime,6,-0.3370999312316221,0.5135035083361819,-0.17045454545451566
2016-10-25,nighttime,6,-0.5199999999999946,0.29030400000000606,-0.20800000000000027
2016-10-26,daytime,6,-0.5735393346764467,0.23402312539923292,-2.500000000000137
2016-10-26,nighttime,6,-0.6900535580978376,0.12921241433775732,-0.5919999999999883
2016-10-27,daytime,6,0.9861168645694248,2.8777424625309943e-4,0.541176470588258
2016-10-27,nighttime,6,-0.5640760748177723,0.24362526331253417,-0.18181818181818482
2016-10-28,daytime,6,0.8440191404634599,0.0345975334303908,1.6854838709678155
2016-10-28,nighttime,6,NA,NA,NA
2016-10-29,daytime,6,0.555359060793404,0.252604353214146,0.15779816513760664
2016-10-29,nighttime,6,0,1,2.373657066004688e-14
2016-10-30,daytime,6,0.052837978088179256,0.9208167907732414,0.017681728880156757
2016-10-30,nighttime,6,NA,NA,NA
2016-10-31,daytime,6,0.38324040381223323,0.45328326788346507,0.5079365079364919
2016-10-31,nighttime,6,0.5431535648559989,0.2653890930918252,1.0649350649349307
2016-11-01,daytime,6,-0.6229178176443511,0.18647761731147874,-0.45454545454550677
2016-11-01,nighttime,6,NA,NA,NA
2016-11-02,daytime,6,0.1554857684028523,0.7686508456950968,0.16923076923074631
2016-11-02,nighttime,6,-0.6139406135149164,0.19479327227466575,-0.26923076923075595
2016-11-03,daytime,6,-0.6806592881315693,0.13668479354804305,-0.5471698113207712
2016-11-03,nighttime,6,-6.714007371253773e-15,0.99999999999999,6.520412866334829e-14
2016-11-04,daytime,6,0.4856429311786323,0.3288048168144376,3.7500000000000107
2016-11-04,nighttime,6,NA,NA,NA
2016-11-05,daytime,6,0.6324555320336791,0.17780780835621823,0.48000000000003057
2016-11-05,nighttime,6,0.7156780854205458,0.10976628398907665,0.5000000000000363
2016-11-07,daytime,6,0.7820234610557525,0.06609221356000868,0.5317919075144467
2016-11-07,nighttime,6,NA,NA,NA
2016-11-08,daytime,6,0.623672564873101,0.18578532195492,0.5445544554455022
2016-11-08,nighttime,6,0.38729833462074115,0.4480998731654438,0.29999999999999316
2016-11-09,daytime,6,NA,NA,NA
2016-11-09,nighttime,6,NA,NA,NA
2016-11-10,daytime,6,-0.8866206949335688,0.01855356229278415,-0.3181818181818143
2016-11-10,nighttime,6,-0.3212779360539945,0.5346641718382813,-0.18399999999997838
2016-11-11,daytime,6,0.5135525910130807,0.2973923342733086,0.46153846153846856
2016-11-11,nighttime,6,-0.6622661785325199,0.15183454328291204,-0.4166666666666084
2016-11-12,daytime,6,0.9661300767465161,0.001701330243056281,0.8529411764705813
2016-11-12,nighttime,6,-0.5787811270697375,0.22877055772593458,-0.4838709677418923
2016-11-13,daytime,6,-0.5308702620514972,0.278500394265752,-0.9285714285714297
2016-11-13,nighttime,6,-0.29449221333816794,0.571031696323341,-0.3500000000000373
2016-11-14,daytime,6,0.6111125740546274,0.1974437554214725,0.6761565836299309
2016-11-14,nighttime,6,1.7066681758855818e-14,0.9999999999999745,8.108166216471864e-15
2016-11-15,daytime,6,-0.701646415445615,0.12024334063357085,-0.769230769230779
2016-11-15,nighttime,6,0.39154834251930376,0.4426916448810601,0.5714285714286702
2016-11-16,daytime,6,0.9510344374630681,0.0035377389112144293,0.6532258064516109
2016-11-16,nighttime,6,-0.7006490497453768,0.12100391941034845,-0.4499999999999826
2016-11-17,daytime,6,0.3796283011826752,0.4579131169876838,1.6470588235300843
2016-11-17,nighttime,6,-0.40291148201269555,0.42833663104042974,-0.2597402597401837
2016-11-18,daytime,6,0.5943775496541348,0.21342591421682927,0.36666666666667524
2016-11-18,nighttime,6,NA,NA,NA
2016-11-19,daytime,6,0.7872958216222149,0.06305290649918098,0.6818181818182014
2016-11-19,nighttime,6,0.17149858514248947,0.7452741603030666,0.062499999999992964
2016-11-20,daytime,6,-0.3049533664072636,0.556749756749029,-0.34615384615385
2016-11-20,nighttime,6,-0.6565321642986166,0.15669575447850262,-0.17241379310344615
2016-11-21,daytime,6,0.6041958553142774,0.20398786051436985,0.40799999999997877
2016-11-21,nighttime,6,-0.09925833339713837,0.8516014572116679,-0.04597701149426364
2016-11-22,daytime,6,-0.03713906763541892,0.944317011696965,-0.05172413793113697
2016-11-22,nighttime,6,-0.5855400437691224,0.222068227563881,-0.14285714285709583
2016-11-23,daytime,6,0.0750435647140136,0.8876459582198074,0.09090909090904649
2016-11-23,nighttime,6,-0.3922322702763605,0.44182330768363964,-0.20512820512818056
2016-11-24,daytime,6,0.5925787685148648,0.21517374507384743,0.85279187817261
2016-11-24,nighttime,6,0.13957263155976327,0.7920005263443786,0.07792207792208544
2016-11-25,daytime,6,0.5063696835418393,0.30536466488491437,0.27777777777778506
2016-11-25,nighttime,6,NA,NA,NA
2016-11-26,daytime,6,0.6565321642986137,0.1566957544785051,2.5000000000008984
2016-11-26,nighttime,6,NA,NA,NA
2016-11-27,daytime,6,0.8669214468630118,0.025386447936614896,0.4099378881987562
2016-11-27,nighttime,6,NA,NA,NA
2016-11-29,daytime,6,0.1374416265488099,0.7951357101323819,0.10389610389612394
2016-11-29,nighttime,6,0.05330017908890138,0.9201254418483082,0.06249999999997908
2016-11-30,daytime,6,-0.2941742027072719,0.5714673874023872,-0.17307692307693842
2016-11-30,nighttime,6,NA,NA,NA
2017-04-02,daytime,6,-0.49588470368046467,0.31714237525968786,-0.2950819672131593
2017-04-02,nighttime,6,0.8120616865486557,0.04966214779550952,0.3626943005181484
2017-04-03,daytime,6,0.6486493048989738,0.16348431716699963,0.43181818181813597
2017-04-03,nighttime,6,0.9567946806744353,0.0027597237504952067,0.5438596491228327
2017-04-04,daytime,6,-0.26001083401046415,0.618772847598742,-0.022535211267616154
2017-04-04,nighttime,6,0.8617274844321376,0.027357096779566308,0.5940594059406291
2017-04-05,daytime,6,-0.43999999999999895,0.3825920000000013,-0.0880000000000132
2017-04-05,nighttime,6,0.7488948153496126,0.08666415086411251,1.769230769230815
2017-04-06,daytime,6,NA,NA,2.2772467292289296e-14
2017-04-06,nighttime,6,0.7027389316095768,0.11941260442573884,0.7707808564231672
2017-04-07,daytime,6,NA,NA,NA
2017-04-07,nighttime,6,0.521450009453971,0.2887187511493014,0.4399999999999883
2017-04-08,daytime,6,-0.46245149598482904,0.3557730149993504,-1.80000000000007
2017-04-08,nighttime,6,0.4571635906556766,0.36202787748122955,0.6792452830189163
2017-04-09,daytime,6,-0.17414531320935592,0.7414226469528474,-0.060062402496106934
2017-04-09,nighttime,6,NA,NA,1.810085828775645e-14
2017-04-10,daytime,6,0.30574273761640675,0.5556760984144771,0.03631284916200579
2017-04-10,nighttime,6,0,1,4.3516740790241564e-14
2017-04-11,daytime,6,-0.624524991128002,0.18500471177481073,-0.34266632417159776
2017-04-11,nighttime,6,0.9605341575201908,0.0023055940187587925,1.0540540540540448
2017-04-12,daytime,6,0.9746817668548367,9.534047369890241e-4,0.6243595714951102
2017-04-12,nighttime,6,0.8725284774260318,0.023337841912638647,0.4140435835350855
2017-04-13,daytime,6,0.9992966437599778,7.418910218842432e-7,0.5954457364341069
2017-04-13,nighttime,6,0.9050939434332914,0.013083322361592611,0.39009287925696257
2017-04-14,daytime,6,0.8665608817607785,0.02552098906000139,0.9733826247689563
2017-04-14,nighttime,6,0.8498751295626107,0.0321144971991881,0.5468749999999933
2017-04-15,daytime,6,-0.46626100271342896,0.3512909090141718,-0.509918319719985
2017-04-15,nighttime,6,0.90244489009635,0.013811283237927718,0.26271186440679756
2017-04-16,daytime,6,-0.2044465723229758,0.6976029114153679,-0.1421926910299058
2017-04-16,nighttime,6,0.8272583850548622,0.04218222229391099,1.4257425742574497
2017-04-17,daytime,6,0.6538415959412891,0.1589991347756162,0.4326986211424867
2017-04-17,nighttime,6,0.7592566023652959,0.07995964654558217,0.5600000000000442
2017-04-18,daytime,6,0.9834089295381885,4.106119695534197e-4,0.24068287227393872
2017-04-18,nighttime,6,0.9305008774900463,0.007077347214644505,0.7483443708609077
2017-04-19,daytime,6,0.3457820374040811,0.5019986961299945,0.23913043478258003
2017-04-19,nighttime,6,0.7763953242844898,0.06940856571008304,0.45493562231760987
2017-04-20,daytime,6,0.9044774630625884,0.013251032270419275,0.5024958402662237
2017-04-20,nighttime,6,0.6697079986453152,0.14562296859851653,0.12490118577075238
2017-04-21,daytime,6,0.9868877666968523,2.567687958169221e-4,0.38514680483592484
2017-04-21,nighttime,6,0.7102286806100242,0.11378545162819766,0.252212389380541
2017-04-22,daytime,6,0.6580746701264996,0.15538165052857802,0.4726027397260244
2017-04-22,nighttime,6,-0.4507489358552108,0.3696669643040629,-0.34285714285714064
2017-04-23,daytime,6,NA,NA,NA
2017-04-23,nighttime,6,-0.128010867631833,0.8090325416578473,-0.07746478873239938
2017-04-24,daytime,6,0.23354968324847505,0.6560450119431559,0.09090909090911481
2017-04-24,nighttime,6,0.7794228634060139,0.0676153996505675,0.22500000000000858
2017-04-25,daytime,6,-0.5179268048503417,0.2925762528640869,-1.166666666666899
2017-04-25,nighttime,6,0.853125184627177,0.03077410980359757,0.6129032258064225
2017-04-26,daytime,6,-0.1722091475795764,0.7442397950538202,-0.10676156583628166
2017-04-26,nighttime,6,0.9696974329892747,0.0013634557522394302,0.8303571428571537
2017-04-27,daytime,6,0.8476924753169188,0.03302978996038647,0.22676579925651694
2017-04-27,nighttime,6,0.8388397784517801,0.036866049158490226,0.9519999999998824
2017-04-28,daytime,6,0.7152474728151277,0.11008156540265367,0.0947368421052797
2017-04-28,nighttime,6,-0.37962830118264485,0.4579131169877227,-2.7999999999976652
2017-04-29,daytime,6,NA,NA,-3.4495745177637504e-14
2017-04-29,nighttime,6,0.6279624278014357,0.1818707088166751,0.20655737704918528
2017-04-30,daytime,6,NA,NA,-1.832070676898316e-14
2017-04-30,nighttime,6,0.43474935337418613,0.3889613055116775,0.7105263157895139
2017-05-01,daytime,6,0.9332270794645096,0.0065390767383964755,0.2921771913289319
2017-05-01,nighttime,6,0.9247928878065844,0.008271474747396142,1.352941176470545
2017-05-02,daytime,6,0.07119742941487114,0.8933843083952584,0.16770186335392456
2017-05-02,nighttime,6,0.9747842274534051,9.457362399798411e-4,0.9242424242423904
2017-05-03,daytime,6,0.15015143870590844,0.7764654581592766,0.18181818181814047
2017-05-03,nighttime,6,0.8979807496553536,0.015080986683745254,1.000000000000004
2017-05-04,daytime,6,-0.7838193571518755,0.06504960482859633,-0.7007434944237927
2017-05-04,nighttime,6,0.8822602375352875,0.019977884840771773,0.6812749003984064
2017-05-05,daytime,6,0.9562913576674211,0.002823916634175559,0.30615640599001903
2017-05-05,nighttime,6,0.9406745097180546,0.005174872255003529,1.3098591549295524
2017-05-06,daytime,6,0.7667914477231089,0.0752376764350783,0.425339366515866
2017-05-06,nighttime,6,-0.5855400437691202,0.22206822756388303,-1.1999999999999826
2017-05-07,daytime,6,-0.5331139899832017,0.276087318864921,-0.3157894736842749
2017-05-07,nighttime,6,0.04503773491110449,0.9324890748492775,0.017241379310360117
2017-05-08,daytime,6,0.4648002580346421,0.3530071694624179,0.9361702127659733
2017-05-08,nighttime,6,0.928476690885258,0.007490433881274802,0.3879310344827344
2017-05-09,daytime,6,0.6733571318134289,0.14261767259011016,1.3861386138613405
2017-05-09,nighttime,6,0.2901905000440039,0.5769327973042679,0.5333333333332098
2017-05-10,daytime,6,0.6475303536967572,0.1644577702528504,0.11332312404287642
2017-05-10,nighttime,6,0.2690137934244961,0.6062133615990115,0.5000000000001618
2017-05-11,daytime,6,0.4861724348043959,0.32819809008847084,0.13333333333333314
2017-05-11,nighttime,6,0.6055218324832624,0.2027265665687304,0.89743589743588
2017-05-12,daytime,6,0.3225619983422873,0.5329376844812549,3.499999999999573
2017-05-12,nighttime,6,-0.7383161185050491,0.0937578269523338,-1.386138613861467
2017-05-13,daytime,6,-0.6757643562786332,0.14064988459303962,-4.077922077922213
2017-05-13,nighttime,6,0.6508853062855127,0.16154636795015032,0.8217821782178686
2017-05-14,daytime,6,0.8634993155533648,0.02667698508983266,8.000000000000163
2017-05-14,nighttime,6,0.8525300956329713,0.03101751755532019,0.21290322580645787
2017-05-15,daytime,6,0.9510166196942764,0.0035402926547922057,0.5137195121951199
2017-05-15,nighttime,6,0.6210590034081189,0.18818715983081588,0.8999999999999958
2017-05-16,daytime,6,0.9928491819753773,7.651847195803038e-5,1.0261289406418772
2017-05-16,nighttime,6,0.9464437316153674,0.004225603801983219,0.7369337979094082
2017-05-17,daytime,6,-0.5803652663515656,0.22719252997298975,-0.45189189189190637
2017-05-17,nighttime,6,0.9653773682884127,0.0017773384046958682,0.5763888888888894
2017-05-18,daytime,6,-0.7018502951845392,0.12008812212303899,-0.2656903765690432
2017-05-18,nighttime,6,0.8953517312912816,0.01585387500848799,0.6772983114446528
2017-05-19,daytime,6,-0.10640040167598364,0.8410016793790869,-0.15068493150686485
2017-05-19,nighttime,6,0.9598233677835839,0.0023888168723685856,0.6177685950413236
2017-05-20,daytime,6,0.9110620043441394,0.011513202298410975,1.360604713205898
2017-05-20,nighttime,6,0.9112401209322482,0.011467835004610558,0.6531604538087573
2017-05-21,daytime,6,0.44225346252693476,0.3798695689906841,0.26021352313167234
2017-05-21,nighttime,6,0.8433679892060121,0.0348790076913951,1.1440000000000108
2017-05-22,daytime,6,0.9816089536888403,5.04235669457882e-4,0.5337482979965065
2017-05-22,nighttime,6,0.7804331672270505,0.06702177714306944,0.3163265306122509
2017-05-23,daytime,6,0.975067296085271,9.247100071530241e-4,0.37364847875282625
2017-05-23,nighttime,6,0.8068725665703299,0.052345654960658815,0.43820224719102613
2017-05-24,daytime,6,0.9551294816277517,0.0029748747983504116,2.9673913043479203
2017-05-24,nighttime,6,0.9695066484742002,0.00138058969350658,1.2873134328357976
2017-05-25,daytime,6,-0.8170339265475381,0.04715233648521033,-0.7959183673468624
2017-05-25,nighttime,6,0.820889807815279,0.04524772265410432,2.2564102564103314
2017-05-26,daytime,6,0.790569415042096,0.06119881963751173,0.0781250000000055
2017-05-26,nighttime,6,0.7613295222894204,0.07864763095012521,0.160000000000012
2017-05-27,daytime,6,NA,NA,-2.583969990540129e-14
2017-05-27,nighttime,6,0.958705861454767,0.002522601313398227,1.3739376770538576
2017-05-31,daytime,6,0.9935524795213301,6.222176709375696e-5,0.7999999999999987
2017-05-31,nighttime,6,0.5393598899705938,0.26941251267619537,1.1999999999999524
2017-06-01,daytime,6,0.2166903628299375,0.6800517726905689,0.4214876033056994
2017-06-01,nighttime,6,0.8520563361656331,0.031211945779676134,1.0559999999999417
2017-06-02,daytime,6,0.9817423022247931,4.969722493809565e-4,2.1854838709677806
2017-06-02,nighttime,6,0.7907112414738889,0.06111906612419809,0.96039603960391
2017-06-03,daytime,6,0.9883118663639552,2.041203294505149e-4,1.37656903765692
2017-06-03,nighttime,6,0.9711840749939883,0.0012335725407148653,1.0556900726391654
2017-06-04,daytime,6,-0.6887919993977639,0.1302053167316163,-1.1881443298969485
2017-06-04,nighttime,6,0.9621431305554422,0.0021225867007403543,0.7033398821218061
2017-06-05,daytime,6,-0.68452473207183,0.13358818503947756,-1.5000000000000795
2017-06-05,nighttime,6,0.946204768964545,0.004263050590624276,0.8661087866108642
2017-06-08,daytime,6,0.995554387584176,2.9601274264338294e-5,5.09000000000007
2017-06-08,nighttime,6,0.9917657795731422,1.0142442916107202e-4,1.1214285714285792
2017-06-09,daytime,6,0.6927198514686673,0.12712477129125546,4.574257425742787
2017-06-09,nighttime,6,0.989504612216048,1.6465169701352866e-4,1.2735562310029804
2017-06-10,daytime,6,0.14986304031579026,0.7768883213562279,0.5302013422818856
2017-06-10,nighttime,6,0.7276068751090009,0.10119150721829401,0.750000000000008
2017-06-11,daytime,6,0.82753047438541,0.042053489300944887,1.2699263228399293
2017-06-11,nighttime,6,0.7946356521718279,0.0589312021175118,1.5906040268456407
2017-06-12,daytime,6,0.704540860778712,0.11804793870667757,1.0248447204969082
2017-06-12,nighttime,6,0.9782669886949159,7.033531615509663e-4,1.2864674868189445
2017-06-13,daytime,6,0.8466558129663599,0.033468758226067354,1.480651731160931
2017-06-13,nighttime,6,0.9375151330497741,0.005734556232926788,0.6285714285714296
2017-06-14,daytime,6,0.9907495830906704,1.2795953942199836e-4,1.0945438148203777
2017-06-14,nighttime,6,0.9954180744075043,3.1442966633276035e-5,0.9714285714285644
2017-06-15,daytime,6,0.9703877024620071,0.0013023489115860812,1.0855286473715318
2017-06-15,nighttime,6,0.9375614023428905,0.005726156829587494,0.871508379888264
2017-06-16,daytime,6,0.9934256895658218,6.469026055858163e-5,2.3386268099019643
2017-06-16,nighttime,6,0.8115657374981989,0.04991579484448799,0.5564738292010973
2017-06-17,daytime,6,0.9223209713625504,0.008816688382628841,1.189964157706117
2017-06-17,nighttime,6,0.95368611582616,0.003167792718965629,1.9655765920825337
2017-06-18,daytime,6,-0.6050543003454566,0.2031709275836023,-1.008097165992011
2017-06-18,nighttime,6,0.9934369347251722,6.446939053728892e-5,1.2910547396528282
2017-06-19,daytime,6,0.1165403996585847,0.8259808068312703,0.28571428571418256
2017-06-19,nighttime,6,0.9157230764999119,0.01035460712050172,1.5795918367346757
2017-06-20,daytime,6,0.9823396777931568,4.650764583908512e-4,2.253159396657231
2017-06-20,nighttime,6,0.9470837832641478,0.004126102953470072,1.3197674418603795
2017-06-21,daytime,6,-0.6302035106372135,0.17983943324492666,-6.571428571429316
2017-06-21,nighttime,6,0.9890707100936801,1.7852131834471927e-4,1.9565217391302616
2017-06-22,daytime,6,0.9747355435913971,9.493760766578563e-4,2.9495798319327817
2017-06-22,nighttime,6,0.9132815870760171,0.010954059872600634,1.0825335892514207
2017-06-23,daytime,6,-0.021371424752832834,0.9679477434394699,-0.01607717041801572
2017-06-23,nighttime,6,0.9597891877549484,0.0023928555115294695,1.5052631578946087
2017-06-24,daytime,6,0.7474742954874065,0.08760216211161896,3.535353535353689
2017-06-24,nighttime,6,0.7881638960804241,0.06255877906400496,1.5897435897435812
2017-06-25,daytime,6,0.9720773012252046,0.0011586303158035976,2.372131147541079
2017-06-25,nighttime,6,0.9138124088056929,0.0108223376342363,1.4368932038833977
2017-06-26,daytime,6,0.9867757017915005,2.611667483840583e-4,6.9655172413801765
2017-06-26,nighttime,6,0.9763293827111577,8.338158830356221e-4,1.8874999999999391
2017-06-27,daytime,6,0.9974030243465427,1.0107666448190605e-5,2.0383747178329608
2017-06-27,nighttime,6,0.9553179581174446,0.0029501237899736553,1.0228832951944702
2017-06-28,daytime,6,0.8940085120077285,0.016255928740082096,2.409836065573807
2017-06-28,nighttime,6,0.9707919812906441,0.0012672037329640202,1.3135011441647322
2017-06-29,daytime,6,0.020833543116594678,0.9687542065843722,0.02900232018559829
2017-06-29,nighttime,6,0.9002604435863445,0.014425865158388132,1.706896551723969
2017-06-30,daytime,6,-0.3249220280687708,0.5297686696825683,-0.5859375000000838
2017-06-30,nighttime,6,0.9072647087265547,0.012500997304430198,1.833333333333365
2017-07-01,daytime,6,-0.29101486303513363,0.5758006789687455,-0.45922116091111065
2017-07-01,nighttime,6,0.7006490497453711,0.12100391941035281,2.9999999999992872
2017-07-02,daytime,6,0.9480347407445212,0.003980419068574719,1.7101167315175254
2017-07-02,nighttime,6,0.6507913734559684,0.16162758360672297,2.3999999999989323
2017-07-03,daytime,6,0.9651483474848891,0.0018007904593206278,2.0301624129930693
2017-07-03,nighttime,6,0.8152568720639525,0.04804239134709614,1.9220779220773558
2017-07-04,daytime,6,0.9825897356284425,4.520372820192195e-4,2.202830188679307
2017-07-04,nighttime,6,0.9797143062199062,6.130901816541724e-4,1.1549295774647614
2017-07-05,daytime,6,0.9574714822066998,0.002674552108789153,1.455407969639486
2017-07-05,nighttime,6,0.9323994228837665,0.006700295195713946,1.3895348837208465
2017-07-06,daytime,6,0.9707465246128493,0.001271131671131112,2.240409207161148
2017-07-06,nighttime,6,0.9611957488574456,0.0022294397232897347,2.630434782608624
2017-07-07,daytime,6,0.9925111538836994,8.391422644047456e-5,3.1433370660694977
2017-07-07,nighttime,6,0.9158176387843597,0.010331718605414961,1.90909090909089
2017-07-08,daytime,6,0.5187155528053785,0.29171098479783497,3.992700729927166
2017-07-08,nighttime,6,0.8744746321952094,0.022645999311239007,2.6666666666666403
2017-07-09,daytime,6,0.9737208193306995,0.0010268188651640052,2.5816831683168227
2017-07-09,nighttime,6,0.9266964086291847,0.007863179397810543,3.2857142857139907
2017-07-10,daytime,6,0.9610473931994721,0.002246406861074877,3.6200716845877934
2017-07-10,nighttime,6,0.9675306060440709,0.0015642766990978095,1.635869565217377
2017-07-11,daytime,6,-0.19793521058110106,0.7069745713683522,-0.8106904231627176
2017-07-11,nighttime,6,0.8920826858114707,0.016840809616153952,1.999999999999928
2017-07-12,daytime,6,-0.06375767130633282,0.9044930818033186,-0.14634146341468818
2017-07-12,nighttime,6,0.9654771352130933,0.0017671696278628406,2.6924939467311906
2017-07-13,daytime,6,0.5214500094539858,0.28871875114928525,0.733333333333302
2017-07-13,nighttime,6,0.9651065305849603,0.0018050889664716322,1.9078498293514563
2017-07-14,daytime,6,0.7684774806317065,0.07419890205293578,1.6136363636363773
2017-07-14,nighttime,6,0.9021109540154889,0.01390439858018004,2.1666666666666154
2017-07-15,daytime,6,0.9912274672265502,1.1509844153655344e-4,4.6287192755498845
2017-07-15,nighttime,6,0.9865842035729603,2.6876807903053235e-4,1.8571428571428892
2017-07-16,daytime,6,0.9589087138044009,0.0024980495108004714,2.9102296450940086
2017-07-16,nighttime,6,0.9467158415371522,0.004183160082175726,2.274590163934345
2017-07-17,daytime,6,0.40459615704492563,0.42622156546526924,2.584033613445432
2017-07-17,nighttime,6,0.8524036825101429,0.031069340653270952,1.8109756097561225
2017-07-18,daytime,6,0.9387080801914486,0.005519921490505654,5.210574293527988
2017-07-18,nighttime,6,0.8488789863689381,0.032530723475796844,3.3846153846153557
2017-07-19,daytime,6,0.9522962944414652,0.0033591869717101656,2.69318181818183
2017-07-19,nighttime,6,0.900926036656551,0.01423723763419203,2.000000000000094
2017-07-20,daytime,6,0.9815535490343236,5.07268928582829e-4,2.2645403377110993
2017-07-20,nighttime,6,0.9178154166103737,0.009853908718441003,1.7723577235772032
2017-07-21,daytime,6,0.8245194129497798,0.043488329496089106,2.429245283019151
2017-07-21,nighttime,6,0.97872498074865,6.741248480615383e-4,1.654929577464711
2017-07-22,daytime,6,0.7286950880371539,0.10042465001654688,3.9551166965893443
2017-07-22,nighttime,6,0.9333564619878886,0.006514047727552554,3.6067415730335477
2017-07-23,daytime,6,0.47177362450981,0.3448409742557458,2.5184381778741805
2017-07-23,nighttime,6,0.8627132394936626,0.026977715193189748,2.735849056603454
2017-07-24,daytime,6,0.9965457582448796,1.7877071517341526e-5,3.0000000000000657
2017-07-24,nighttime,6,0.9561226421921214,0.0028455969534360854,2.967741935483226
2017-07-25,daytime,6,0.6914427995489986,0.12812283200514352,4.20588235294138
2017-07-25,nighttime,6,0.7808688094430303,0.06676654481198818,0.8333333333333746
2017-07-26,daytime,6,0.9558253179148839,0.0028840025126284936,2.2926829268292948
2017-07-26,nighttime,6,0.9746199331854828,9.580474302705715e-4,2.74566473988423
2017-07-27,daytime,6,-0.4631484638927311,0.3549514820547115,-2.147217235188783
2017-07-27,nighttime,6,0.8261574311734007,0.04270498921683221,3.4374999999999525
2017-07-28,daytime,6,-0.5292388698877112,0.2802599533337948,-5.600000000003211
2017-07-28,nighttime,6,NA,NA,NA
2017-07-29,daytime,6,0.9983300851137158,4.180595215692685e-6,14.000000000000034
2017-07-29,nighttime,6,-0.09817613873476301,0.8532089299158544,-0.39999999999907226
2017-07-30,daytime,6,0.4297354339161561,0.39507701686006463,1.8571428571426423
2017-07-30,nighttime,6,0.9166827763127927,0.010123455568940171,0.8883248730964288
2017-07-31,daytime,6,0.8184759694831361,0.04643576370896778,5.749999999999919
2017-07-31,nighttime,6,0.8841287385171782,0.019361371431920838,1.382978723404264
2017-08-01,daytime,6,0.9888014688340797,1.874084627507085e-4,7.207547169811766
2017-08-01,nighttime,6,0.8810115013681512,0.020395058992692325,1.1276595744680729
2017-08-02,daytime,6,0.039113063271917686,0.9413603232945242,0.4999999999976893
2017-08-02,nighttime,6,0.9273548849512802,0.007724283615073881,2.348993288590512
2017-08-03,daytime,6,-0.27287580183605536,0.600845627514131,-1.173913043478385
2017-08-03,nighttime,6,0.85306668688751,0.030797996828301543,0.4158415841584247
2017-08-04,daytime,6,0.2576357931714349,0.6220967529579269,0.2937499999999563
2017-08-04,nighttime,6,1.7618590564957782e-14,0.9999999999999736,-8.841960627060727e-14
2017-08-05,daytime,6,0.9906679264461252,1.3022504129283938e-4,2.219944082013061
2017-08-05,nighttime,6,NA,NA,NA
2017-08-06,daytime,6,0.9964977429733979,1.8377227420961925e-5,2.2628120893561685
2017-08-06,nighttime,6,0.5707354170332836,0.23685224255678788,0.7931034482758551
2017-08-07,daytime,6,-0.32037041996284543,0.535885332448693,-0.7826086956523947
2017-08-07,nighttime,6,0.7442084075352513,0.08977587078380829,2.3999999999997446
2017-08-08,daytime,6,0.9474869808854253,0.004064020363040697,5.43421052631609
2017-08-08,nighttime,6,0.6614378277661489,0.15253278317462204,1.7500000000000702
2017-08-09,daytime,6,0.8162857905328482,0.047526105195663006,4.512820512820407
2017-08-09,nighttime,6,NA,NA,NA
2017-08-10,daytime,6,-0.40553838265272063,0.42504012700831206,-2.5194805194806986
2017-08-10,nighttime,6,0.8364367286270221,0.03794151611467739,2.409090909091054
2017-08-11,daytime,6,-0.6134242824517202,0.19527608867385213,-10.600000000001842
2017-08-11,nighttime,6,0.843853015689295,0.034669242491698886,0.9230769230768792
2017-08-12,daytime,6,0.6029377420525515,0.20518754760192026,1.9428571428572463
2017-08-12,nighttime,6,NA,NA,NA
2017-08-13,daytime,6,0.9715205102506088,0.0012050724132757578,3.2952029520295647
2017-08-13,nighttime,6,0.833433127757178,0.03930612519007873,1.9999999999999882
2017-08-14,daytime,6,0.9497617479624094,0.003722425242483163,2.342237061769642
2017-08-14,nighttime,6,0.8072943316604099,0.05212510368837814,2.99999999999969
2017-08-15,daytime,6,0.9050622135349408,0.013091929112627774,2.508460918614094
2017-08-15,nighttime,6,0.9341450994081777,0.0063624998946686965,2.0652173913043295
2017-08-16,daytime,6,0.9958086689333228,2.6314069072594733e-5,2.5237592397043573
2017-08-16,nighttime,6,0.5599539151544306,0.24785545074095186,1.800000000000598
2017-08-17,daytime,6,0.9374579463629482,0.005744945823345351,2.4054910242872447
2017-08-17,nighttime,6,0.9492729254606401,0.0037945877674767344,2.2288135593218863
2017-08-18,daytime,6,0.8325490424361156,0.039712087162127506,3.8734177215192087
2017-08-18,nighttime,6,0.920727052612567,0.009177216745818546,1.7355623100304007
2017-08-19,daytime,6,0.48698454138602826,0.32726834013949696,0.5235008103728025
2017-08-19,nighttime,6,0.95168641824975575,0.003444916438346642,2.7236842105262964
2017-08-20,daytime,6,0.9789916502950594,6.57390110461402e-4,1.5279054497702005
2017-08-20,nighttime,6,0.9923285682561077,8.805056230483414e-5,1.4127516778522795
2017-08-21,daytime,6,0.982581053194913,4.5248693582279956e-4,2.212949337817943
2017-08-21,nighttime,6,0.9858337622597949,2.996019810406961e-4,1.3065512978986098
2017-08-22,daytime,6,0.9249867141469181,0.008229439962469885,3.053571428571503
2017-08-22,nighttime,6,0.9193307971968379,0.009498802184703836,1.0828729281767815
2017-08-23,daytime,6,0.9654438672787227,0.0017705572693719493,2.18288275263835
2017-08-23,nighttime,6,0.8320610143560631,0.03993702051443015,5.116883116883575
2017-08-24,daytime,6,0.9124091426552182,0.011172231974420627,7.2490706319703175
2017-08-24,nighttime,6,0.967887349837933,0.001530275810160416,2.267489711934117
2017-08-25,daytime,6,-0.849402973352801,0.03231146669753652,-1.999999999999939
2017-08-25,nighttime,6,NA,NA,NA
2017-08-26,daytime,6,0.9055809613652569,0.012951561551542357,3.3947368421052424
2017-08-26,nighttime,6,0.33745963248768024,0.5130253346129738,0.4999999999999522
2017-08-27,daytime,6,0.9144336903898449,0.010669149149153465,5.586206896551925
2017-08-27,nighttime,6,0.981427750779542,5.141896131744731e-4,0.9911504424778355
2017-08-28,daytime,6,0.2447196570419558,0.640248364429589,1.9999999999989058
2017-08-28,nighttime,6,0.9973322359033764,1.0665954720631955e-5,1.1535836177474086
2017-08-29,daytime,6,-0.3724215465714209,0.4671947062888762,-4.857142857143223
2017-08-29,nighttime,6,0.29541957835040505,0.5697616686205924,0.12000000000003337
2017-08-30,daytime,6,-0.6309980323737313,0.17912157179500313,-1.0526315789474157
2017-08-30,nighttime,6,4.898895710502974e-15,0.9999999999999927,2.0031087015068803e-15
2017-08-31,daytime,6,-0.7949705745215896,0.058746180293150964,-3.226415094339589
2017-08-31,nighttime,6,0.6640906067234292,0.1503014923048675,0.46551724137934136
2017-09-01,daytime,6,-0.8071417672951315,0.052204833601095804,-0.7931034482758805
2017-09-01,nighttime,6,0.4724555912615333,0.3440460317752819,0.6250000000000754
2017-09-02,daytime,6,-0.5212715035931733,0.28891372853814684,-0.4695481335953031
2017-09-02,nighttime,6,0.8788501706079541,0.021126846688241885,2.1363636363637046
2017-09-03,daytime,6,-0.5318160234783101,0.27748227113300306,-2.333333333333636
2017-09-03,nighttime,6,NA,NA,NA
2017-09-04,daytime,6,0.8639453946646865,0.026507039870642027,8.249999999999934
2017-09-04,nighttime,6,0.9683640522700846,0.0014854186299317624,1.2307692307691225
2017-09-05,daytime,6,0.7509104562020679,0.08534094604155328,0.22151898734176864
2017-09-05,nighttime,6,-0.46277347810283914,0.35539340306737294,-1.1000000000000776
2017-09-06,daytime,6,-0.7167656913069521,0.10897174529614567,-7.687500000000028
2017-09-06,nighttime,6,NA,NA,NA
2017-09-07,daytime,6,0.38237803730141345,0.4543872570363413,3.2352941176438885
2017-09-07,nighttime,6,-0.4536801280630231,0.3661693134814543,-0.534482758620816
2017-09-08,daytime,6,-0.5980263104415098,0.20989824403737145,-2.2758620689659357
2017-09-08,nighttime,6,0.6397816865157173,0.17126538417082451,0.692307692307699
2017-09-09,daytime,6,-0.5492466978535365,0.2589761103149034,-1.1558441558441284
2017-09-09,nighttime,6,0.5376033305704719,0.2712833467122798,1.249999999999875
2017-09-10,daytime,6,0.31622776601683794,0.5414697392755848,0.10000000000001742
2017-09-10,nighttime,6,0.8164965809277228,0.04742065558432121,0.22222222222223526
2017-09-11,daytime,6,-0.6141922686400003,0.1945581298526803,-0.23214285714283656
2017-09-11,nighttime,6,-0.48626453908386413,0.3280925950097343,-0.4137931034482565
2017-09-12,daytime,6,0.5477225575051661,0.2605745473680253,0.5999999999999084
2017-09-12,nighttime,6,-0.6936879756193048,0.12637040664486462,-0.4210526315788577
2017-09-13,daytime,6,-0.8404914415736328,0.03613528376910254,-0.4332460732984381
2017-09-13,nighttime,6,-0.3616777720717866,0.4811390232007992,-0.7333333333332115
2017-09-14,daytime,6,-0.25552491331858357,0.6250546217190036,-0.6500000000001392
2017-09-14,nighttime,6,-0.9539980920057228,0.0031255892524458856,-0.7499999999999654
2017-09-15,daytime,6,0.982672113546092,4.4778207554313715e-4,2.7743119266054954
2017-09-15,nighttime,6,0.0975714240313722,0.8541073128487499,0.09900990099012213
2017-09-16,daytime,6,0.9834486881686147,4.086518028085641e-4,1.7356557377049335
2017-09-16,nighttime,6,0.8717974336315195,0.02360028488160756,1.3275862068965008
2017-09-17,daytime,6,0.9838371315436878,3.897462948295008e-4,1.5253012048192942
2017-09-17,nighttime,6,0.9755372173595089,8.903219979761148e-4,0.713754646840114
2017-09-18,daytime,6,0.9694150474991307,0.0013888537956437718,1.0039089445849685
2017-09-18,nighttime,6,0.8730068952503709,0.023166848292108178,0.7938144329896906
2017-09-19,daytime,6,0.9695082969545341,0.001380441193633124,1.1488570897602792
2017-09-19,nighttime,6,0.7977240352174686,0.05723523110662988,0.19999999999999718
2017-09-20,daytime,6,0.9844857905266314,3.5916898044055225e-4,1.0885873902633767
2017-09-20,nighttime,6,0.5503971865272091,0.25777207377687494,0.34545454545453924
2017-09-21,daytime,6,0.9951622333253999,3.504936808408291e-5,1.273855977296917
2017-09-21,nighttime,6,0.9552748870971796,0.0029557709657015326,0.6961722488038284
2017-09-22,daytime,6,0.9957665792708542,2.6844841237029732e-5,1.0969009166302903
2017-09-22,nighttime,6,0.6515351736956269,0.16098495543449867,0.6258064516129097
2017-09-23,daytime,6,0.9957030075615991,2.7656545879903262e-5,1.3464534645346415
2017-09-23,nighttime,6,0.9474304377573806,0.004072698771442013,0.4683257918552011
2017-09-24,daytime,6,0.9939874426381567,5.411758952646743e-5,1.7693627976828976
2017-09-24,nighttime,6,0.9726761751316407,0.0011096872417499651,1.2156862745098171
2017-09-25,daytime,6,0.9977518055644867,7.575885717314884e-6,2.2553324968632524
2017-09-25,nighttime,6,0.8812949852710115,0.020299991692771177,2.807999999999982
2017-09-26,daytime,6,0.9570268848166597,0.0027303539612695063,6.113564668769808
2017-09-26,nighttime,6,0.8958476163402727,0.015706670636298277,1.754880694143125
2017-09-27,daytime,6,0.9701096733930556,0.0013267949554735304,6.888198757764164
2017-09-27,nighttime,6,0.9730108312484489,0.0010827931840690708,1.233463035019434
2017-09-28,daytime,6,0.9833334351669599,4.143468026164973e-4,3.6010854816825995
2017-09-28,nighttime,6,0.8775963431763492,0.021557016912766507,2.3366336633663307
2017-09-29,daytime,6,0.9838203860734446,3.9055211130560163e-4,4.511811023622081
2017-09-29,nighttime,6,NA,NA,NA
2017-09-30,daytime,6,NA,NA,NA
2017-09-30,nighttime,6,-0.1999999999999936,0.7040000000000093,-0.3999999999995753
2017-10-01,daytime,6,0.5034878350069572,0.3085853305766943,0.2599999999999972
2017-10-01,nighttime,6,0.6864677122242363,0.13204324006622936,0.603773584905652
2017-10-02,daytime,6,0.03842404215964218,0.9423923015232483,0.024213075060540736
2017-10-02,nighttime,6,0.09498713802919154,0.8579478063608557,0.0789473684210171
2017-10-03,daytime,6,1.1094025042021656e-14,0.9999999999999833,-7.206607351005528e-17
2017-10-03,nighttime,6,-0.5350322812548152,0.274030626007302,-0.9374999999999618
2017-10-04,daytime,6,0.19202437944682685,0.7155037230868335,1.2641509433962206
2017-10-04,nighttime,6,-0.33245498310218113,0.5196900375707959,-0.14736842105261375
2017-10-05,daytime,6,-0.04934637712196881,0.926040515133348,-0.2727272727275012
2017-10-05,nighttime,6,0.02550721637464519,0.9617474731661957,0.009433962264166311
2017-10-06,daytime,6,-0.5335843922113027,0.27558243242185854,-1.051724137931117
2017-10-06,nighttime,6,-0.7031465352048675,0.11910331186268663,-0.46031746031741455
2017-10-07,daytime,6,NA,NA,NA
2017-10-07,nighttime,6,NA,NA,NA
2017-10-08,daytime,6,-0.20180183819889969,0.7014063299047958,-0.07692307692311767
2017-10-08,nighttime,6,NA,NA,NA
2017-10-09,daytime,6,0.35988168166474366,0.4834824839772657,0.2924528301887007
2017-10-09,nighttime,6,NA,NA,NA
2017-10-10,daytime,6,-0.5490331802801182,0.2591998058408692,-0.750853242320884
2017-10-10,nighttime,6,NA,NA,NA
2017-10-11,daytime,6,-0.9728253776491297,0.0010976564627004782,-2.768292682926818
2017-10-11,nighttime,6,NA,NA,NA
2017-10-12,daytime,6,0.9576302045625285,0.002654768228941778,1.3602167676123804
2017-10-12,nighttime,6,NA,NA,NA
2017-10-13,daytime,6,0.9721713842219445,0.0011508721008987959,2.1780104712042454
2017-10-13,nighttime,6,0.6307780049169673,0.17932025008793534,0.7173913043478143
2017-10-14,daytime,6,0.5498218458572869,0.25837391995357734,0.9801980198019625
2017-10-14,nighttime,6,NA,NA,NA
2017-10-15,daytime,6,0.7672101800625363,0.07497908216314743,0.6736842105263123
2017-10-15,nighttime,6,0.9383148632568343,0.005590226439766118,1.1739130434782545
2017-10-16,daytime,6,-0.8856961247598905,0.01885135229423152,-3.6428571428571477
2017-10-16,nighttime,6,NA,NA,NA
2017-10-17,daytime,6,-0.6274546756037349,0.18233224181900143,-1.6039603960395972
2017-10-17,nighttime,6,-0.34238119163114955,0.5064960096704109,-0.18421052631576626
2017-10-18,daytime,6,0.454143621832978,0.3656173174357478,0.640449438202234
2017-10-18,nighttime,6,-0.5409483498734368,0.26772501233860413,-0.708108108108113
2017-10-19,daytime,6,0.86478894661009,0.02618707724140093,3.1000000000010624
2017-10-19,nighttime,6,-0.4265617038812017,0.3989649375388157,-0.11578947368420972
2017-10-20,daytime,6,0.1825741858350579,0.7291816243446642,1.200000000000296
2017-10-20,nighttime,6,0.25000000000000006,0.6328125,0.062499999999993436
2017-10-21,daytime,6,-0.8784664459746321,0.021258057238979874,-2.6500000000003667
2017-10-21,nighttime,6,0.3770096138677292,0.4612789453647834,0.22413793103453084
2017-10-22,daytime,6,0.3627381250550077,0.4797571627500551,0.9999999999997464
2017-10-22,nighttime,6,NA,NA,NA
2017-10-23,daytime,6,NA,NA,6.031321782861104e-15
2017-10-23,nighttime,6,NA,NA,NA
2017-10-24,daytime,6,-0.10089735237260723,0.8491675528741629,-0.06956521739135124
2017-10-24,nighttime,6,NA,NA,NA
2017-10-25,daytime,6,-0.44721359549996065,0.37390096630005576,-0.600000000000117
2017-10-25,nighttime,6,-0.273009453115977,0.6006600856595494,-0.2857142857142261
2017-10-26,daytime,6,-0.29277002188455997,0.5733922538253555,-0.5999999999999349
2017-10-26,nighttime,6,0.4662524041201465,0.35130100296327227,0.10869565217391271
2017-10-27,daytime,6,0.7164115599019637,0.1092301730773492,0.5862068965517588
2017-10-27,nighttime,6,NA,NA,NA
2017-10-28,daytime,6,-0.029461408764051653,0.9558206727312599,-0.01933216168716557
2017-10-28,nighttime,6,0.7707524933080533,0.07280764418882185,0.5940594059405873
2017-10-29,daytime,6,NA,NA,NA
2017-10-29,nighttime,6,NA,NA,NA
2017-10-30,daytime,6,-0.5996253511966932,0.20835978915043438,-1.4382022471906368
2017-10-30,nighttime,6,-0.33183182419798263,0.5205216562712293,-0.28000000000004244
2017-10-31,daytime,6,-0.6672068839998123,0.14769825895078742,-1.4090909090908998
2017-10-31,nighttime,6,NA,NA,NA
2017-11-01,daytime,6,-0.9284766908852594,0.007490433881274505,-1.6666666666667442
2017-11-01,nighttime,6,-0.9135002783911399,0.01089969856959355,-2.1999999999999265
2017-11-02,daytime,6,-0.34345474963746275,0.5050750367481496,-0.6750000000001682
2017-11-02,nighttime,6,NA,NA,NA
2017-11-03,daytime,6,-0.24494897427831547,0.6399250078108761,-0.20000000000004917
2017-11-03,nighttime,6,-0.9683296637314874,0.0014886324638937443,-0.9499999999997172
2017-11-04,daytime,6,0.8380558825864047,0.03721528086243033,2.7012987012987235
2017-11-04,nighttime,6,NA,NA,NA
2017-11-06,daytime,6,0.24400783390875205,0.6412523407587208,0.25663716814153814
2017-11-06,nighttime,6,NA,NA,NA
2017-11-07,daytime,6,0.7661308776828726,0.07564644105653345,1.499999999999976
2017-11-07,nighttime,6,NA,NA,NA
2017-11-08,daytime,6,-0.7559289460184487,0.08208627983473753,-0.5714285714284155
2017-11-08,nighttime,6,-0.36331804249169947,0.47900192706690303,-0.5279999999999209
2017-11-09,daytime,6,-0.9652495624558791,0.0017904071732714791,-1.4672897196260317
2017-11-09,nighttime,6,0.3454937455142357,0.5023794725371254,0.6493506493506097
2017-11-10,daytime,6,0.23162052730604035,0.6587822060180328,0.6249999999998709
2017-11-10,nighttime,6,-0.7249648087586615,0.1030641046144286,-1.327586206896523
2017-11-11,daytime,6,-0.9252915127470063,0.008163549692421102,-3.333333333333164
2017-11-11,nighttime,6,-0.8116662971064118,0.04986431645437967,-0.5689655172413294
2017-11-12,daytime,6,-0.8512681917272464,0.0315366668089343,-3.06666666666673
2017-11-12,nighttime,6,NA,NA,NA
2017-11-13,daytime,6,-0.9645256525947177,0.0018653230062367072,-2.566371681415979
2017-11-13,nighttime,6,0.9550230183180111,0.0029889007042156073,0.7931034482758451
2017-11-14,daytime,6,-0.8647755984066077,0.026192125898121987,-3.6666666666667336
2017-11-14,nighttime,6,-0.8000000000000129,0.05599999999999297,-1.5999999999992345
2017-11-15,daytime,6,-0.586670849249535,0.22095470028402223,-1.0216216216216365
2017-11-15,nighttime,6,NA,NA,NA
2017-11-16,daytime,6,-0.3883539518870571,0.4467546091050019,-0.711409395973095
2017-11-16,nighttime,6,0.07905694150422211,0.8816616406858675,0.06250000000001024
2017-11-17,daytime,6,-0.38575837490524145,0.45006469767973173,-0.5555555555555778
2017-11-17,nighttime,6,-0.034360406637185356,0.9484796736372781,-0.02597402597402162
2017-11-18,daytime,6,0.7915238590358383,0.06066302559539229,1.138613861386155
2017-11-18,nighttime,6,NA,NA,NA
2017-11-19,daytime,6,-0.34367169831173416,0.5047880252673437,-1.0000000000000437
2017-11-19,nighttime,6,-0.149071198499986,0.7780495489000208,-0.5999999999992516
2017-11-20,daytime,6,0.2347340949433739,0.6543657930890988,0.8500000000001892
2017-11-20,nighttime,6,-0.9135002783911396,0.010899698569593639,-0.7333333333332366
2017-11-21,daytime,6,-0.4731602234073836,0.34322536153900485,-1.5000000000003828
2017-11-21,nighttime,6,-0.5515352002018907,0.2565832429906012,-1.0714285714285636
2017-11-22,daytime,6,-0.3416433277677584,0.5074733408705542,-0.4347826086956664
2017-11-22,nighttime,6,NA,NA,NA
2017-11-23,daytime,6,0.7303887608222626,0.09923628025205912,1.3548387096775585
2017-11-23,nighttime,6,0.29756985032179667,0.5668198046673245,0.19480519480517017
2017-11-24,daytime,6,-0.7254397258016011,0.10272638042948447,-1.10891089108914
2017-11-24,nighttime,6,-0.9486832980505139,0.0038825370469604977,-0.7499999999999444
2017-11-25,daytime,6,0.2335496832484564,0.6560450119431822,1.199999999998741
2017-11-25,nighttime,6,NA,NA,NA
2017-11-26,daytime,6,-0.6294651817966965,0.18050759350996365,-0.499999999999968
2017-11-26,nighttime,6,0.41522739926869867,0.4129543665511499,0.08620689655174042
2017-11-27,daytime,6,0.31149591164298956,0.5478683104271063,1.4000000000000177
2017-11-27,nighttime,6,-0.5585819804359626,0.24926968057223692,-0.9743589743589893
2017-11-28,daytime,6,0.31309523381686394,0.5457032969759632,0.4782608695652593
2017-11-28,nighttime,6,NA,NA,3.791116549225609e-14
2017-11-29,daytime,6,0.24524344319765679,0.6395098385073746,0.2586206896551841
2017-11-29,nighttime,6,NA,NA,NA
2017-11-30,daytime,6,-0.7651988775233444,0.07622487375304428,-1.227722772277211
2017-11-30,nighttime,6,-0.6746171945133977,0.1415861704488965,-0.6176470588235092
2018-04-01,daytime,6,-0.7150296063941256,0.11024123214216741,-0.40789473684210614
2018-04-01,nighttime,6,0.26688025634181234,0.609183898120537,0.25641025641026205
2018-04-02,daytime,6,0.34568653929721116,0.5021248206422413,0.5868263473053849
2018-04-02,nighttime,6,0.8296898632150509,0.04103834506588886,1.1249999999999878
2018-04-03,daytime,6,0.6535581101540248,0.15924265324634776,0.7274036730284528
2018-04-03,nighttime,6,0.37505980384377197,0.4637900986195255,0.11052631578948158
2018-04-04,daytime,6,0.9731998472330586,0.0010677477019111609,1.3492462311557745
2018-04-04,nighttime,6,0.9034564329818812,0.013531065601137121,0.7988668555240878
2018-04-05,daytime,6,0.6340000438316051,0.1764200126801589,0.6159250585480103
2018-04-05,nighttime,6,0.7211102550927979,0.10582328368493056,0.8666666666667014
2018-04-06,daytime,6,0.20584674239815193,0.6955910461993429,0.16949152542371562
2018-04-06,nighttime,6,0.7459651301989009,0.08860366565888021,0.3203883495145828
2018-04-07,daytime,6,0.3910769444375267,0.4432904673301099,0.05882352941179047
2018-04-07,nighttime,6,0.46225016352102527,0.356010455949341,0.384615384615417
2018-04-08,daytime,6,-0.75989710423356,0.0795532068268658,-0.6315789473684472
2018-04-08,nighttime,6,0.712249170721449,0.11228784763678254,2.2999999999999785
2018-04-09,daytime,6,-0.7631756882098911,0.07748739685860515,-0.9865771812081179
2018-04-09,nighttime,6,NA,NA,NA
2018-04-10,daytime,6,-0.6204211093613583,0.1887753125728375,-1.1440000000000643
2018-04-10,nighttime,6,-0.980774478814365,5.508779223275e-4,-0.38289962825276785
2018-04-11,daytime,6,-0.4822428221704143,0.33271051350838077,-0.8000000000000368
2018-04-11,nighttime,6,0.5546336068974926,0.2533573515341194,0.21830985915492954
2018-04-12,daytime,6,0.3437178765936957,0.5047269401354225,0.0381429816913639
2018-04-12,nighttime,6,0.09246874065860099,0.8616922145160525,0.03880597014926467
2018-04-13,daytime,6,-0.2208381836206509,0.6741278088364047,-0.060327087620498925
2018-04-13,nighttime,6,0.6041658611563437,0.20401642839717504,0.2697947214076592
2018-04-14,daytime,6,-0.8735809243775369,0.022962472925176475,-0.39024390243902307
2018-04-14,nighttime,6,0.9655109366125119,0.0017637309472846908,1.022988505747084
2018-04-15,daytime,6,-0.9604629887887752,0.0023138612444735377,-1.962025316455687
2018-04-15,nighttime,6,-0.07744030926625561,0.8840717409260028,-0.04347826086955642
2018-04-16,daytime,6,-0.5781216125786036,0.22942881318065886,-2.941176470588581
2018-04-16,nighttime,6,0.9807415054124521,5.527630328581514e-4,0.8367346938775299
2018-04-17,daytime,6,-0.014012420509295248,0.9789827448909274,-0.0021598272138308302
2018-04-17,nighttime,6,0.7739572992033118,0.07086809377819689,0.6534653465346634
2018-04-18,daytime,6,-0.7234973839652085,0.10411072144316777,-0.29419525065962726
2018-04-18,nighttime,6,0.9726866095837335,0.001108843758588417,0.7151607963246565
2018-04-19,daytime,6,0.9740921302824419,9.981316594187752e-4,0.807996548252548
2018-04-19,nighttime,6,0.200672801285588,0.7030313020994998,0.09243697478993085
2018-04-20,daytime,6,-0.0639674843520496,0.9041796457972651,-0.14457831325300227
2018-04-20,nighttime,6,-0.7256192777306522,0.10259882487011784,-0.9606741573033448
2018-04-21,daytime,6,-0.6241664416958935,0.18533288799099176,-0.9269406392694433
2018-04-21,nighttime,6,-0.5744762120907921,0.23308083985586706,-2.117647058823269
2018-04-22,daytime,6,0.17996850826633098,0.7329617073699985,0.20512820512815055
2018-04-22,nighttime,6,0.8677218312746275,0.02508900133262649,3.199999999999061
2018-04-23,daytime,6,0.12156613477096617,0.8185490697753559,0.05172413793100082
2018-04-23,nighttime,6,-0.5524815355292155,0.2555962814585598,-1.5234899328859348
2018-04-24,daytime,6,0.19999999999999998,0.7040000000000001,0.4000000000002042
2018-04-24,nighttime,6,NA,NA,NA
2018-04-25,daytime,6,-0.6635901932574404,0.15072132611887615,-0.2088266953713767
2018-04-25,nighttime,6,-0.8988882021697734,0.014818530421931693,-0.8080000000000442
2018-04-26,daytime,6,-0.13483997249264842,0.7989658591927787,-0.40000000000212815
2018-04-26,nighttime,6,NA,NA,-2.1755839288167602e-14
2018-04-27,daytime,6,-0.674199862463242,0.14192744777405542,-0.6666666666668022
2018-04-27,nighttime,6,NA,NA,-0
2018-04-28,daytime,6,0.4559833243433436,0.36342922047117343,0.20792079207922243
2018-04-28,nighttime,6,1.588823183894552e-14,0.9999999999999762,8.102855141029611e-14
2018-04-29,daytime,6,-0.06324555320336521,0.9052581613013589,-0.016000000000001267
2018-04-29,nighttime,6,-0.19611613513817974,0.7095972614300029,-0.05128205128204752
2018-04-30,daytime,6,0.09470274476207727,0.8583705588423644,0.006726457399098931
2018-04-30,nighttime,6,NA,NA,1.5316110858872933e-14
2018-05-01,daytime,6,-0.04336908741197352,0.9349871548576623,-0.10344827586217999
2018-05-01,nighttime,6,NA,NA,0
2018-05-02,daytime,6,0.39823658215509516,0.4342237695282779,0.5199999999999951
2018-05-02,nighttime,6,0.9156077966720061,0.010382543481886922,1.9882697947214176
2018-05-03,daytime,6,0.43750000000000827,0.3856201171874899,0.05468749999999814
2018-05-03,nighttime,6,0.8535639569308368,0.030595220342834878,4.250000000000045
2018-05-04,daytime,6,0.5554920598635278,0.2524663994407942,0.04285714285713388
2018-05-04,nighttime,6,0.9212684269490063,0.009053975742895836,1.4872180451127837
2018-05-05,daytime,6,0.9683296637314822,0.0014886324638942305,0.4935064935064934
2018-05-05,nighttime,6,0.9798988114454813,6.020256511320092e-4,0.5798319327731033
2018-05-06,daytime,6,0.6356839789354832,0.1749121109715503,0.16602316602315698
2018-05-06,nighttime,6,0.9070129085564447,0.012567887708611291,1.189274447949489
2018-05-07,daytime,6,0.5894870566687274,0.21819131442211642,0.03406813627253827
2018-05-07,nighttime,6,0.9397768767743382,0.005331027505049671,0.60681114551082
2018-05-08,daytime,6,-0.5433053679944382,0.26522858364607727,-0.42168674698796765
2018-05-08,nighttime,6,0.984143462299994,3.7515127879273694e-4,0.6513761467889769
2018-05-09,daytime,6,0.9486832980505128,0.003882537046960667,0.8437500000000078
2018-05-09,nighttime,6,0.9049624271551507,0.013119014034776465,0.7899159663865678
2018-05-10,daytime,6,-0.8481610542632938,0.032832269748316614,-0.8331562167906315
2018-05-10,nighttime,6,0.7093084682410808,0.114470405033746,1.1282051282050622
2018-05-11,daytime,6,0.9691167868759952,0.0014159314941506271,1.10526315789475
2018-05-11,nighttime,6,0.7942421069247684,0.05914895081315174,1.5443037974683116
2018-05-12,daytime,6,0.9392074326031763,0.005431267728495326,1.4174484052532847
2018-05-12,nighttime,6,0.824451502345825,0.04352094937642037,0.4909090909091091
2018-05-13,daytime,6,0.9714551539001658,0.0012105830704052143,0.7048736462093915
2018-05-13,nighttime,6,0.8181834512825216,0.04658070785716931,0.43402225755167434
2018-05-14,daytime,6,0.9804570387038279,5.691590087606341e-4,1.0447150312084332
2018-05-14,nighttime,6,0.597072790246101,0.21081782052401005,0.5444444444444363
2018-05-15,daytime,6,-0.9692841464328624,0.0014007058447180246,-0.50452659373821
2018-05-15,nighttime,6,0.4066006333740459,0.42370948675465386,0.2962406015037624
2018-05-16,daytime,6,-0.844512017365488,0.0343851905187938,-0.3030507331872583
2018-05-16,nighttime,6,0.7152474728151328,0.11008156540264989,0.6631578947368315
2018-05-17,daytime,6,0.49025388367701217,0.3235351580747773,0.7884615384614817
2018-05-17,nighttime,6,0.9655172413793104,0.00176308991758579,0.965517241379302
2018-05-18,daytime,6,0.9497372355866981,0.003726027675694178,0.5949367088607532
2018-05-18,nighttime,6,0.9770337054882386,7.851192315314352e-4,0.6592885375493879
2018-05-19,daytime,6,0.7725393039369134,0.07172332975220062,0.769230769230752
2018-05-19,nighttime,6,0.9714386162879645,0.0012119794472431017,1.0695187165775202
2018-05-20,daytime,6,0.8430790241814811,0.03500426280791962,0.08668076109937788
2018-05-20,nighttime,6,0.4629100498862765,0.35523243051554365,0.14999999999999591
2018-05-21,daytime,6,NA,NA,0
2018-05-21,nighttime,6,-0.42966892442366483,0.3951583602343804,-0.15384615384620137
2018-05-22,daytime,6,0.40452721276315745,0.42630805570575975,0.7029702970296978
2018-05-22,nighttime,6,-0.3162277660168305,0.5414697392755952,-0.08333333333331408
2018-05-23,daytime,6,0.3882901373576575,0.4468358966258599,0.2153846153846223
2018-05-23,nighttime,6,-0.9823454450142245,4.647736525359734e-4,-0.373134328358213
2018-05-24,daytime,6,0.25819888974716926,0.6213082950374855,0.05555555555556404
2018-05-24,nighttime,6,0.25697808437500197,0.623017998864972,0.24999999999995967
2018-05-25,daytime,6,0.9500078462620997,0.0036863525718966285,0.2141560798548057
2018-05-25,nighttime,6,-0.5683985600588028,0.23922038884437047,-0.32307692307690017
2018-05-26,daytime,6,-0.819028359347926,0.04616262498300805,-0.4472049689440689
2018-05-26,nighttime,6,-0.17219057955454092,0.744266821200668,-0.14285714285714005
2018-05-27,daytime,6,0.3676073110469141,0.4734273652571243,0.0900900900900971
2018-05-27,nighttime,6,0.6657502859356801,0.14891263812618064,0.785714285714367
2018-05-28,daytime,6,0.7661308776828758,0.07564644105653143,0.5625000000000187
2018-05-28,nighttime,6,0.5098023903017322,0.30154484699270273,3.1999999999983473
2018-05-29,daytime,6,-0.60000543239609,0.2079947849263133,-0.9038461538461465
2018-05-29,nighttime,6,NA,NA,NA
2018-05-30,daytime,6,0.8443565629465026,0.03445209749311473,0.21698113207547207
2018-05-30,nighttime,6,0.49131170428486554,0.3223306196169107,1.4130434782610264
2018-05-31,daytime,6,NA,NA,5.62913324239324e-15
2018-05-31,nighttime,6,NA,NA,-4.2690703508862923e-14
2018-06-01,daytime,6,NA,NA,-1.4344509420770374e-14
2018-06-01,nighttime,6,0.8907539631968084,0.017250135686144804,0.4327868852458895
2018-06-05,daytime,6,0.3133397807202565,0.5453724636095187,0.054545454545437584
2018-06-05,nighttime,6,-0.20000000000000004,0.704,-0.09999999999995891
2018-06-06,daytime,6,0.5883484054145542,0.21930692358453432,0.15384615384613176
2018-06-06,nighttime,6,NA,NA,NA
2018-06-07,daytime,6,0.7546503519512785,0.08291008581063147,0.3951612903225774
2018-06-07,nighttime,6,1,0,1.00000000000009
2018-06-08,daytime,6,0.8366062472860964,0.03786517377701756,0.21471343028229087
2018-06-08,nighttime,6,0.8366600265340695,0.03784096948581586,0.5599999999999657
2018-06-09,daytime,6,-0.5714487486348978,0.23613122075131895,-0.05762711864407785
2018-06-09,nighttime,6,-0.145150772683191,0.7838029134147209,-0.29310344827589907
2018-06-10,daytime,6,-0.9325523838026124,0.006670355691351645,-0.20496894409937252
2018-06-10,nighttime,6,0.9955282410200077,2.9950232511459548e-5,1.2170329670329367
2018-06-11,daytime,6,0.775357093364892,0.07002841451582965,0.32330827067670015
2018-06-11,nighttime,6,-0.8658843752635923,0.025774332273047085,-0.804651162790689
2018-06-12,daytime,6,0.6213697660012075,0.18790090428027792,0.27027027027025086
2018-06-12,nighttime,6,0.6974217223628282,0.12347935371421907,0.18529411764705636
2018-06-13,daytime,6,0.1615145706174488,0.7598348558644892,0.5999999999998606
2018-06-13,nighttime,6,NA,NA,1.4224971842264043e-14
2018-06-14,daytime,6,0.814829656076074,0.0482575188174595,0.3815789473684256
2018-06-14,nighttime,6,-0.6910506641398706,0.1284299786970586,-0.47755102040814607
2018-06-15,daytime,6,0.9621941692341935,0.002116903685064299,1.2132923966046891
2018-06-15,nighttime,6,0.9608428366609049,0.0022699056460792908,1.23711340206182
2018-06-16,daytime,6,0.5824176230559811,0.22515459013953967,1.1585428424833393
2018-06-16,nighttime,6,0.9604060534235916,0.002320485577171788,0.9075425790754256
2018-06-17,daytime,6,-0.8293098039226868,0.041216172916511896,-0.21627760252365746
2018-06-17,nighttime,6,0.9579381878911445,0.0026165862611564655,0.7843775427176524
2018-06-18,daytime,6,0.6729001506870187,0.1429925555593543,1.0933333333333786
2018-06-18,nighttime,6,0.905848345684237,0.012879495744683896,0.6718266253869976
2018-06-19,daytime,6,-0.43156126433265757,0.3928461942838775,-0.2565947242206242
2018-06-19,nighttime,6,0.833741104542693,0.0391651645948292,0.5754716981132043
2018-06-20,daytime,6,-0.5396528704354642,0.2691009574584981,-0.6121673003802319
2018-06-20,nighttime,6,0.920583422403205,0.009210049304341507,0.8058435438265753
2018-06-21,daytime,6,0.8843946695883252,0.019274379568146545,0.49335863377609085
2018-06-21,nighttime,6,0.9704116230204771,0.0013002561798645565,0.9355168884339757
2018-06-22,daytime,6,-0.3887012132472222,0.4463123476416052,-0.16492480244710542
2018-06-22,nighttime,6,0.9946428229005682,4.2972145971164234e-5,1.5337931034481889
2018-06-23,daytime,6,-0.5058331219397191,0.30596335603838454,-0.392085737840076
2018-06-23,nighttime,6,0.9924554186447797,8.51663402828127e-5,1.1559432933478535
2018-06-24,daytime,6,-0.5462440091771567,0.2621288175649666,-0.22699914015477565
2018-06-24,nighttime,6,0.9853832673305563,3.189118866572957e-4,1.6027397260273928
2018-06-25,daytime,6,-0.8315831286124589,0.04015785535566417,-0.312443315799022
2018-06-25,nighttime,6,0.9670366163447992,0.0016119682394562583,1.168949771689461
2018-06-26,daytime,6,-0.6749130546528548,0.14134444146368658,-0.37999244046869596
2018-06-26,nighttime,6,0.9774726983473526,7.555029097648172e-4,1.245098039215637
2018-06-27,daytime,6,-0.21570701965032626,0.6814578423864899,-0.08235724743778251
2018-06-27,nighttime,6,0.914354264863579,0.010688673967250704,1.3137829912022865
2018-06-28,daytime,6,-0.7170212496567101,0.10878541882273204,-0.4375484871993753
2018-06-28,nighttime,6,0.859785304149106,0.028111919656068882,0.7749999999999233
2018-06-29,daytime,6,0.9342445650667793,0.0063435099089507105,2.717962466487998
2018-06-29,nighttime,6,0.953871264287535,0.003142712635898566,1.7205882352939927
2018-06-30,daytime,6,0.9707650186789067,0.0012695328619374351,2.8830334190231333
2018-06-30,nighttime,6,0.9929676032272556,7.400801435387566e-5,1.3872340425531513
2018-07-01,daytime,6,0.9530345549547612,0.0032568324561290823,3.5086782376502668
2018-07-01,nighttime,6,0.9185780374121879,0.009674409071733222,1.0146788990825149
2018-07-02,daytime,6,0.8471524048577942,0.03325813865022586,4.021301775148088
2018-07-02,nighttime,6,0.916339218747891,0.01020591329157513,2.5862068965517246
2018-07-03,daytime,6,0.9598654398951013,0.0023838503403653165,2.567720465890203
2018-07-03,nighttime,6,0.9298618663826438,0.007206519394089642,1.935153583617654
2018-07-04,daytime,6,0.8373189672446765,0.037544991229364326,3.671673819742569
2018-07-04,nighttime,6,0.988840878491552,1.860941889179279e-4,1.8356164383561362
2018-07-05,daytime,6,0.9207090632385324,0.009181325831623439,4.597989949748839
2018-07-05,nighttime,6,0.9698201837357193,0.0013524877547297512,1.4067796610169456
2018-07-06,daytime,6,0.8599761441779299,0.028037318818233094,2.273858921161854
2018-07-06,nighttime,6,0.9445722095639736,0.0045232161927985836,2.538461538461512
2018-07-07,daytime,6,0.27627671163744344,0.5961288704326722,13.59999999999334
2018-07-07,nighttime,6,0.8604033496600163,0.02787066152693153,1.5957446808510978
2018-07-08,daytime,6,0.9610291788224012,0.002248494376573188,2.357142857142869
2018-07-08,nighttime,6,-0.5083911274417839,0.3031130853067212,-0.7999999999997223
2018-07-09,daytime,6,0.8655530188794981,0.025898854906257093,7.015999999999764
2018-07-09,nighttime,6,0.06832866555354451,0.8976665083298607,0.053691275167831155
2018-07-10,daytime,6,0.9554823858587371,0.002928614049428246,3.9885931558936285
2018-07-10,nighttime,6,0.9593224966254953,0.002448335216935415,0.7623497997329516
2018-07-11,daytime,6,0.9740619403682771,0.0010004490642127164,3.305936073059451
2018-07-11,nighttime,6,0.7353139371323907,0.09581628550646956,1.4318181818179796
2018-07-12,daytime,6,0.9851211194653285,3.304246775821829e-4,1.2575721440496195
2018-07-12,nighttime,6,0.941179699676953,0.0050879875420651085,2.554455445544423
2018-07-13,daytime,6,0.9818889606187466,4.890443224770402e-4,1.6566147859922256
2018-07-13,nighttime,6,0.9889478642453629,1.825495495488122e-4,1.1327433628317967
2018-07-14,daytime,6,0.6710070422964771,0.14455004820111297,1.367741935483973
2018-07-14,nighttime,6,0.954467258523709,0.003062645884276354,1.468330134356908
2018-07-15,daytime,6,0.6351989832370087,0.1753458528856383,1.2758620689655207
2018-07-15,nighttime,6,0.7070207113449282,0.11618108375510047,0.9367088607594639
2018-07-16,daytime,6,0.9397374445334752,0.005337939374281488,3.230263157894738
2018-07-16,nighttime,6,0.7351950265602246,0.09589822693260155,1.8571428571428623
2018-07-17,daytime,6,0.2928404996420796,0.5732956007965512,1.8607594936708667
2018-07-17,nighttime,6,0.675724628517347,0.14068226486661928,2.2000000000000783
2018-07-18,daytime,6,0.9449071900252934,0.0044692172300742,2.6707779886148115
2018-07-18,nighttime,6,0.8693107497059969,0.024503454917076516,4.428571428571427
2018-07-19,daytime,6,0.931384883556865,0.006900530149177284,6.590551181102603
2018-07-19,nighttime,6,0.938893028638004,0.005487004315261882,2.363636363636401
2018-07-20,daytime,6,-0.6334646886401378,0.17690053406054465,-8.573033707867756
2018-07-20,nighttime,6,0.38769905726763076,0.44758904511059294,0.5499999999999783
2018-07-21,daytime,6,-0.8453710388171171,0.03401657528342916,-6.297029702970478
2018-07-21,nighttime,6,0.8019399256214702,0.05495695978837839,1.8160000000000367
2018-07-22,daytime,6,0.835464057628592,0.03838094970244888,4.528767123287708
2018-07-22,nighttime,6,0.9354143466934836,0.006122256638172154,1.1666666666667105
2018-07-23,daytime,6,-0.2460549949565511,0.6383659687934626,-2.8181818181849767
2018-07-23,nighttime,6,0.6439532342632408,0.16758604956586162,3.374999999999532
2018-07-24,daytime,6,0.916384655627885,0.010194989302369475,7.06666666666741
2018-07-24,nighttime,6,NA,NA,NA
2018-07-25,daytime,6,-0.35355339059327406,0.4917670010221686,-5.500000000001886
2018-07-25,nighttime,6,0.7661308776828731,0.07564644105653316,1.1249999999999818
2018-07-26,daytime,6,0.5588816227797054,0.24896053113138988,6.142857142856943
2018-07-26,nighttime,6,NA,NA,NA
2018-07-27,daytime,6,0.9609278556779695,0.00226012429094293,6.777777777778711
2018-07-27,nighttime,6,0.41403933560541306,0.4144300825009158,0.37500000000001205
2018-07-28,daytime,6,0.9937149978003994,5.912774624358383e-5,1.6647037173352968
2018-07-28,nighttime,6,0.7897065047448785,0.06168508936222528,1.2727272727272003
2018-07-29,daytime,6,0.9921067128654545,9.321008107363158e-5,1.3646090534979447
2018-07-29,nighttime,6,0.9174807107963262,0.009933194846757901,1.243697478991519
2018-07-30,daytime,6,0.9661242123711401,0.001701916079558834,2.602870813397231
2018-07-30,nighttime,6,0.9812227111657776,5.255695539577465e-4,1.59090909090908
2018-07-31,daytime,6,0.2871346630889426,0.5811346027705173,1.6590909090910197
2018-07-31,nighttime,6,0.5583195306044417,0.24954058105786991,2.500000000000078
2018-08-01,daytime,6,-0.2423945244392486,0.6435291712665017,-1.386363636363983
2018-08-01,nighttime,6,0.8362935534300935,0.038006050906340835,1.3376623376624148
2018-08-02,daytime,6,0.5349125039306093,0.2741588724036476,1.3999999999999395
2018-08-02,nighttime,6,NA,NA,NA
2018-08-03,daytime,6,0.059831274386273815,0.9103601798620234,0.7142857142855175
2018-08-03,nighttime,6,0.2738612787525772,0.5994778798243554,0.18750000000003128
2018-08-04,daytime,6,-0.704197628557156,0.11830735222484169,-1.8315789473684254
2018-08-04,nighttime,6,NA,NA,NA
2018-08-05,daytime,6,0.9612301154189355,0.0022255183423078493,2.1265822784810853
2018-08-05,nighttime,6,0.8718485763192969,0.02358187929458047,0.5652173913043119
2018-08-06,daytime,6,-0.1369306393762811,0.7958877656797309,-0.09999999999991491
2018-08-06,nighttime,6,0.8879971620041799,0.018114436177594423,2.4568527918781085
2018-08-07,daytime,6,4.8563609858331755e-14,0.9999999999999272,1.9278174266034447e-13
2018-08-07,nighttime,6,0.9618239551200869,0.0021582965215392615,1.3275862068965214
2018-08-08,daytime,6,0.23959118570998936,0.6474899600126811,0.3977272727272868
2018-08-08,nighttime,6,-0.24673188560991732,0.6374122736227638,-0.3896103896104818
2018-08-09,daytime,6,-0.3627381250550077,0.4797571627500551,-0.9999999999998522
2018-08-09,nighttime,6,0.5331139899831838,0.27608731886494015,1.7999999999996237
2018-08-10,daytime,6,0.9180435916189325,0.009800034743468241,0.5130111524163352
2018-08-10,nighttime,6,NA,NA,1.0502818966702263e-14
2018-08-11,daytime,6,0.9117324126791925,0.011342896701663453,1.0268456375838861
2018-08-11,nighttime,6,0.2,0.704,0.6000000000002491
2018-08-12,daytime,6,0.60516341618653,0.2030671840715502,0.2663438256658462
2018-08-12,nighttime,6,NA,NA,NA
2018-08-13,daytime,6,0.9697071226845733,0.0013625883671638448,0.7109826589595274
2018-08-13,nighttime,6,0.5264882491316104,0.28323623267339904,2.8620689655168707
2018-08-14,daytime,6,-0.6286185570937095,0.18127502443036908,-0.22580645161290513
2018-08-14,nighttime,6,0.1139605764596472,0.8297991390537738,0.28571428571411267
2018-08-15,daytime,6,-0.39834823795433155,0.4340828549149897,-0.27142857142858096
2018-08-15,nighttime,6,NA,NA,NA
2018-08-16,daytime,6,0.8867924528301908,0.01849849204376698,0.8867924528302605
2018-08-16,nighttime,6,NA,NA,NA
2018-08-17,daytime,6,-0.45595016222118634,0.36346862176451766,-6.599999999999875
2018-08-17,nighttime,6,0.2714483570153115,0.6028281934197015,0.7368421052633713
2018-08-18,daytime,6,0.1958373629501442,0.7099993595518099,0.40909090909052637
2018-08-18,nighttime,6,0.9161253813129052,0.010257400545879961,3.499999999999766
2018-08-19,daytime,6,-0.8863344380148521,0.01864551839932165,-3.600422832980827
2018-08-19,nighttime,6,0.8837879163470619,0.01947313605278683,1.7000000000000537
2018-08-20,daytime,6,-0.03501773221655136,0.9474948717746313,-0.07142857142848227
2018-08-20,nighttime,6,0.9499913867838061,0.003688759788585215,3.571428571428535
2018-08-21,daytime,6,-0.9180057671502475,0.009808955494315656,-4.656250000000409
2018-08-21,nighttime,6,0.9633986646065175,0.0019849699975218555,3.76246334310849
2018-08-22,daytime,6,0.27309601012430285,0.6005399303965675,0.7777777777779226
2018-08-22,nighttime,6,-0.46672413085438197,0.3507473924794834,-8.866666666667824
2018-08-23,daytime,6,0.9911960057851811,1.1592427102323217e-4,14.256410256411215
2018-08-23,nighttime,6,0.956643470589698,0.002778932407977583,4.793103448275595
2018-08-26,daytime,6,0.6852550326042786,0.13300658194276388,1.4842105263157976
2018-08-26,nighttime,6,0.9223741162073696,0.00880478858690651,4.589743589743636
2018-08-27,daytime,6,0.6908990490193634,0.1285488192707381,3.0704225352113417
2018-08-27,nighttime,6,0.8742795511103869,0.022714901374447163,1.9868421052631133
2018-08-28,daytime,6,0.9710676248417567,0.0012435141084078212,3.3840000000000625
2018-08-28,nighttime,6,0.8908585371794264,0.017217749506931872,1.4803149606299055
2018-08-31,daytime,6,-0.054581553460417334,0.9182089730171105,-0.028301886792469706
2018-08-31,nighttime,6,0.8653140891643917,0.025988820817419836,1.99999999999991
2018-09-01,daytime,6,-0.9353140968827071,0.006141067578594737,-3.8327137546466012
2018-09-01,nighttime,6,0.9613895509776511,0.0022073705733008826,3.293375394321582
2018-09-02,daytime,6,-0.6111797297176382,0.19738064584881296,-7.8965517241387495
2018-09-02,nighttime,6,0.9709846291693154,0.0012506237160810742,3.195999999999939
2018-09-03,daytime,6,-0.9601587867326279,0.002349362989290823,-10.455696202531039
2018-09-03,nighttime,6,0.9679880615541931,0.001520743960292311,3.42857142857139
2018-09-04,daytime,6,0.8201914003260554,0.04558999094320658,5.234042553191988
2018-09-04,nighttime,6,0.9388325101655967,0.005497764805267471,4.161764705882065
2018-09-05,daytime,6,0.7207693345723735,0.10606887215833152,2.3508594539939325
2018-09-05,nighttime,6,0.9466628271237397,0.004191412780567041,1.9093484419262923
2018-09-06,daytime,6,0.8722596909035374,0.023434173076133588,0.7982551799345802
2018-09-06,nighttime,6,0.9413623754646416,0.00505674756254197,2.069364161849756
2018-09-07,daytime,6,0.8727602700324641,0.023254920961336762,3.3227665706052045
2018-09-07,nighttime,6,0.8972229068318724,0.015301872376829886,3.0769230769229328
2018-09-08,daytime,6,0.7876803835725639,0.06283378551726108,8.10869565217418
2018-09-08,nighttime,6,0.9280501770773644,0.0075789314329988665,2.17647058823529
2018-09-09,daytime,6,0.9670557082517267,0.0016101118840899007,3.292307692307657
2018-09-09,nighttime,6,0.908273106801044,0.012234847484979413,2.9310344827586943
2018-09-10,daytime,6,-0.18159187690008777,0.7306062360836355,-0.20799999999998423
2018-09-10,nighttime,6,0.9486832980505132,0.003882537046960597,1.687500000000007
2018-09-11,daytime,6,-0.25646015690655943,0.6237436892632624,-0.6999999999999269
2018-09-11,nighttime,6,NA,NA,NA
2018-09-12,daytime,6,0.9486437885113971,0.003888465699144361,0.5326086956521837
2018-09-12,nighttime,6,0.891304347826095,0.01708001150653157,0.891304347826064
2018-09-13,daytime,6,0.8369117531564413,0.037727772037789833,0.6063348416289595
2018-09-13,nighttime,6,0.4559833243433445,0.3634292204711726,0.4158415841583864
2018-09-14,daytime,6,0.8130022697850592,0.04918274421503516,1.336633663366308
2018-09-14,nighttime,6,0.5214500094539766,0.2887187511492954,2.1999999999993034
2018-09-15,daytime,6,-0.5668657344781497,0.24077879778119315,-0.06426735218508213
2018-09-15,nighttime,6,NA,NA,1.3497500293068217e-14
2018-09-16,daytime,6,0.7452708040897367,0.08906614288688429,0.8639999999999624
2018-09-16,nighttime,6,0.6054493496205968,0.20279543114472473,0.07331378299121093
2018-09-17,daytime,6,-0.7389001063424078,0.0933597300110594,-0.49397590361447447
2018-09-17,nighttime,6,NA,NA,NA
2018-09-18,daytime,6,0.7715532365127523,0.07232080448504578,2.137741046831964
2018-09-18,nighttime,6,0.3860629300868699,0.4496758996596078,1.0000000000001041
2018-09-19,daytime,6,0.9437513658647586,0.0046568804876726475,2.9067734887108845
2018-09-19,nighttime,6,0.9293491145598921,0.007310992790902777,0.7608695652173701
2018-09-20,daytime,6,0.8595540814533039,0.028202432247927404,3.741935483871126
2018-09-20,nighttime,6,0.8849182223819821,0.019103662392206153,1.5833333333331872
2018-09-21,daytime,6,-0.40685396061224177,0.42339235668270647,-1.1646039603961609
2018-09-21,nighttime,6,0.8831852104940694,0.019671533073665207,2.749999999999473
2018-09-22,daytime,6,0.8808603297684316,0.020445841745606503,3.3251748251748565
2018-09-22,nighttime,6,0.9589996891034892,0.0024870769564843197,2.793103448275673
2018-09-23,daytime,6,0.8153597506939775,0.047990652806010954,4.651515151515283
2018-09-23,nighttime,6,0.8551389713751892,0.029957142531857505,2.374999999999843
2018-09-24,daytime,6,0.43000658178376533,0.3947454528100208,0.34999999999997383
2018-09-24,nighttime,6,-0.34718253741471583,0.500150141445332,-0.9642857142855775
2018-09-25,daytime,6,NA,NA,NA
2018-09-25,nighttime,6,NA,NA,1.8647862246998223e-14
2018-09-26,daytime,6,NA,NA,NA
2018-09-26,nighttime,6,0.5570860145311519,0.2508153597684494,0.2500000000000111
2018-09-27,daytime,6,-0.2619562792335004,0.616053444148486,-0.5897435897435482
2018-09-27,nighttime,6,0.6640906067234299,0.15030149230486695,0.9310344827587044
2018-09-28,daytime,6,0.7745966692414743,0.07048399691022539,0.6000000000002524
2018-09-28,nighttime,6,0.6268781123781835,0.18285691056612874,1.816000000000146
2018-09-29,daytime,6,0.2799999999999869,0.5909760000000182,0.05600000000000452
2018-09-29,nighttime,6,NA,NA,NA
2018-09-30,daytime,6,-0.29277002188455997,0.5733922538253555,-0.07142857142858629
2018-09-30,nighttime,6,NA,NA,NA
2018-10-01,daytime,6,0.7377180261163299,0.09416632175521202,0.568965517241407
2018-10-01,nighttime,6,NA,NA,NA
2018-10-02,daytime,6,0.12403473458920342,0.8149020114591887,0.10256410256400428
2018-10-02,nighttime,6,-0.2799999999999869,0.5909760000000182,-0.05599999999999546
2018-10-03,daytime,6,0.9006863799659535,0.014305017879953912,0.950000000000174
2018-10-03,nighttime,6,NA,NA,NA
2018-10-04,daytime,6,0.9135002783911372,0.01089969856959421,0.7333333333335479
2018-10-04,nighttime,6,0.6440940481460322,0.16746243605352865,0.7857142857142796
2018-10-05,daytime,6,0.7006490497453718,0.1210039194103522,0.7499999999999716
2018-10-05,nighttime,6,0.9099637547345416,0.01179484763490144,0.5584415584415833
2018-10-06,daytime,6,0.934267769439325,0.0063390837184919575,1.6968325791855572
2018-10-06,nighttime,6,0.8811639530340193,0.020343907400140228,2.34999999999963
2018-10-07,daytime,6,0.2563072973150438,0.6239579068589514,0.13138686131386718
2018-10-07,nighttime,6,0.48388670312730775,0.3308200959190647,4.800000000001165
2018-10-08,daytime,6,NA,NA,NA
2018-10-08,nighttime,6,0.6324555320336759,0.17780780835622115,0.25000000000001715
2018-10-09,daytime,6,NA,NA,NA
2018-10-09,nighttime,6,0.7833494518006373,0.06532167682878322,0.4999999999999578
2018-10-10,daytime,6,0.9419674737012548,0.004953940943158632,12.256410256409932
2018-10-10,nighttime,6,0.7848827655334268,0.06443581616877403,1.1874999999999782
2018-10-11,daytime,6,0.17320508075688654,0.7427904550760235,1.200000000003639
2018-10-11,nighttime,6,0.5000000000000001,0.31250000000000006,0.4999999999999757
2018-10-12,daytime,6,NA,NA,NA
2018-10-12,nighttime,6,-0.6501696886858173,0.16216553525274754,-0.3481228668941838
2018-10-13,daytime,6,NA,NA,NA
2018-10-13,nighttime,6,0,1,3.102699077854692e-14
2018-10-14,daytime,6,NA,NA,NA
2018-10-14,nighttime,6,0.06350206397465208,0.9048749404596204,0.06779661016954715
2018-10-15,daytime,6,-0.90104781156690406,0.014202856455890906,-11.677419354838829
2018-10-15,nighttime,6,-0.45598332434334676,0.36342922047116977,-0.4999999999999546
2018-10-16,daytime,6,NA,NA,NA
2018-10-16,nighttime,6,NA,NA,NA
2018-10-17,daytime,6,0.22211032784338605,0.6723131923850962,0.16091954022983057
2018-10-17,nighttime,6,NA,NA,NA
2018-10-18,daytime,6,-0.8431764584905947,0.03496200521517296,-3.310344827585985
2018-10-18,nighttime,6,-0.09234539199981505,0.8618756575805064,-0.06334841628964424
2018-10-19,daytime,6,-0.774596669241488,0.0704839969102172,-0.2500000000000155
2018-10-19,nighttime,6,-0.44474958999666125,0.3768618381914911,-0.3076923076922931
2018-10-20,daytime,6,-0.30651032213215845,0.5546326211897272,-1.7547169811318875
2018-10-20,nighttime,6,NA,NA,NA
2018-10-21,daytime,6,-0.6956083436402496,0.1248798257429104,-0.16129032258063658
2018-10-21,nighttime,6,-0.5258581768306813,0.2839196800215573,-1.5818181818178434
2018-10-22,daytime,6,-0.10597160968205512,0.8416376151146429,-0.12871287128716835
2018-10-22,nighttime,6,-0.6649259700900473,0.14960175601605946,-1.5784061696657488
2018-10-23,daytime,6,-0.17234549688642126,0.74404134125779,-0.11881188118813674
2018-10-23,nighttime,6,-0.5048010623485685,0.3071161478403395,-2.4653465346532895
2018-10-24,daytime,6,NA,NA,NA
2018-10-24,nighttime,6,-0.26514496044368563,0.6116026499596097,-0.9743589743588987
2018-10-25,daytime,6,-0.2952575323069049,0.5699835360195737,-0.18811881188118448
2018-10-25,nighttime,6,-0.5629650954621885,0.24476253585090413,-2.9374999999999356
2018-10-26,daytime,6,-0.7271008897382796,0.101548952721734,-0.9285714285714481
2018-10-26,nighttime,6,-0.4200210015751328,0.4070180549319573,-0.2772277227722664
2018-10-27,daytime,6,-0.5626178834732659,0.24511839293017262,-0.20481927710843295
2018-10-27,nighttime,6,0.32163376045133457,0.5341855883118599,0.10344827586208204
2018-10-28,daytime,6,-0.7745547799047718,0.07050913255100646,-0.9347826086956151
2018-10-28,nighttime,6,-0.9251323245352768,0.008197930263811003,-0.8103448275861894
2018-10-29,daytime,6,0.8152748409532804,0.048033352773403204,0.5837563451776786
2018-10-29,nighttime,6,NA,NA,NA
2018-10-30,daytime,6,NA,NA,NA
2018-10-30,nighttime,6,NA,NA,-0
2018-10-31,daytime,6,1,0,0.33333333333333204
2018-10-31,nighttime,6,NA,NA,-0
2018-11-01,daytime,6,NA,NA,NA
2018-11-01,nighttime,6,NA,NA,NA
2018-11-02,daytime,6,NA,NA,NA
2018-11-02,nighttime,6,1,0,0.9999999999999999
2018-11-03,daytime,6,0.44827586206896414,0.3726270039772045,0.44827586206894177
2018-11-03,nighttime,6,NA,NA,3.3470521981797075e-14
2018-11-05,daytime,6,-0.968329663731493,0.0014886324638932243,-0.24675324675324298
2018-11-05,nighttime,6,NA,NA,2.9294991516741573e-14
2018-11-06,daytime,6,-0.8642877713812518,0.026376952542395,-1.515151515151521
2018-11-06,nighttime,6,NA,NA,2.231368132119806e-14
2018-11-07,daytime,6,0.11151927287851507,0.8334145480897208,0.1421319796954504
2018-11-07,nighttime,6,NA,NA,NA
2018-11-08,daytime,6,0.2611164839335469,0.6172269724155961,5.99999999999641
2018-11-08,nighttime,6,0.9267177359270632,0.007858661828177778,2.4758364312267362
2018-11-09,daytime,6,-0.5380869359438067,0.27076778281478897,-1.790368271954604
2018-11-09,nighttime,6,0.22808577638091448,0.6638042024443169,0.9999999999999782
2018-11-10,daytime,6,0.6080689921050642,0.20031262802989586,0.5714285714285467
2018-11-10,nighttime,6,0.4076542275707901,0.4223910498005074,0.6896551724139378
2018-11-11,daytime,6,-0.7156780854205557,0.10976628398906943,-0.5121951219512262
2018-11-11,nighttime,6,-0.7240020593462325,0.10375024217506297,-3.5873015873012237
2018-11-12,daytime,6,-0.8220869104098658,0.04466385365896522,-0.71844660194175
2018-11-12,nighttime,6,-0.16120983198991692,0.7602800617353754,-0.923076923076904
2018-11-13,daytime,6,-0.9868703275903375,2.5745074544030204e-4,-3.7333333333333116
2018-11-13,nighttime,6,-0.4925182813112031,0.32095870621202915,-0.13861386138614154
2018-11-14,daytime,6,0.011791665765928022,0.9823133211276489,0.034482758620751994
2018-11-14,nighttime,6,NA,NA,0
2018-11-15,daytime,6,0.339597685875683,0.5101857924316541,0.7650602409638045
2018-11-15,nighttime,6,-0.6649037208560605,0.1496203748953193,-1.8088235294116046
2018-11-16,daytime,6,-0.809303362552224,0.05108044990243118,-1.1511627906976345
2018-11-16,nighttime,6,NA,NA,-0
2018-11-17,daytime,6,NA,NA,-1.611262158634646e-14
2018-11-17,nighttime,6,-0.6793662204867597,0.1377274893821906,-0.6666666666665957
2018-11-18,daytime,6,0.42179623306856445,0.4048269692303656,0.9480519480519913
2018-11-18,nighttime,6,-0.7564900711329764,0.08172591365442794,-0.16831683168316752
2018-11-19,daytime,6,NA,NA,NA
2018-11-19,nighttime,6,-0.42224552908804824,0.4042730557386118,-0.5471698113205351
2018-11-20,daytime,6,0.43309279302429876,0.3909782810634997,0.1226415094339344
2018-11-20,nighttime,6,NA,NA,NA
2018-11-21,daytime,6,NA,NA,NA
2018-11-21,nighttime,6,NA,NA,NA
2018-11-22,daytime,6,0.866198660844047,0.025656488342290985,0.4201680672268894
2018-11-22,nighttime,6,NA,NA,NA
2018-11-23,daytime,6,-0.2626128657194403,0.6151363174801302,-0.06896551724134888
2018-11-23,nighttime,6,0.7176885975664721,0.10829952093125944,2.2320000000000904
2018-11-24,daytime,6,NA,NA,1.500402709528883e-14
2018-11-24,nighttime,6,0.7979452673837555,0.05711461758665649,1.9210526315789855
2018-11-25,daytime,6,0.15450786078737347,0.7700824671042,0.07692307692306398
2018-11-25,nighttime,6,-0.30832740629675615,0.5521645847028531,-0.8500000000000436
2018-11-26,daytime,6,-0.19999999999999998,0.7040000000000001,-0.45000000000001256
2018-11-26,nighttime,6,-0.3682956465002282,0.4725346509586319,-4.118811881188124
2018-11-27,daytime,6,-0.3580827316004414,0.4858331670943855,-0.22147651006708724
2018-11-27,nighttime,6,0.2513991588318885,0.6308456683792241,0.4310344827586435
2018-11-28,daytime,6,-0.669091834788169,0.14613306328572126,-0.9482758620689036
2018-11-28,nighttime,6,0.04662524041199419,0.9301128189911522,0.04347826086957299
2018-11-29,daytime,6,NA,NA,NA
2018-11-29,nighttime,6,-0.1999999999999936,0.7040000000000093,-0.8000000000002386
2018-11-30,daytime,6,NA,NA,NA
2018-11-30,nighttime,6,NA,NA,NA
2018-12-01,daytime,6,NA,NA,NA
2018-12-01,nighttime,6,NA,NA,NA
2018-12-02,daytime,6,0.09712858623572643,0.8547652743550694,0.24999999999995207
2018-12-02,nighttime,6,NA,NA,NA
2018-12-03,daytime,6,0.8429272304235246,0.03507014412043897,1.5000000000000264
2018-12-03,nighttime,6,NA,NA,NA
2018-12-04,daytime,6,NA,NA,NA
2018-12-04,nighttime,6,NA,NA,NA
2018-12-05,daytime,6,-0.9785497849867479,6.852328384659262e-4,-1.9655172413792388
2018-12-05,nighttime,6,-0.5151461262713486,0.29563439910012024,-0.9137931034480448
2018-12-06,daytime,6,-0.33333333333334036,0.5185185185185092,-0.2222222222222278
2018-12-06,nighttime,6,-0.5363064818723166,0.27266775725053793,-1.7941176470588038
2019-04-01,daytime,6,-0.9348564710496741,0.006227294921397288,-2.2354651162790966
2019-04-01,nighttime,6,0.7735894134418686,0.0710895286961543,0.4551845342706486
2019-04-02,daytime,6,-0.7648726522095285,0.07642781212819162,-2.25806451612906
2019-04-02,nighttime,6,NA,NA,NA
2019-04-03,daytime,6,0.7225292200761355,0.1048038082171811,1.5322580645161104
2019-04-03,nighttime,6,0.6565321642986147,0.15669575447850423,0.3448275862069457
2019-04-04,daytime,6,-0.5466491478069935,0.2617025735684921,-0.10175054704595575
2019-04-04,nighttime,6,0.7994080650317863,0.05632006524354011,0.923076923076889
2019-04-05,daytime,6,0.7373429994210163,0.09442286742795362,1.187500000000067
2019-04-05,nighttime,6,NA,NA,NA
2019-04-06,daytime,6,0.7419143291827672,0.09131700749265746,2.2599049128367974
2019-04-06,nighttime,6,-0.35931349533479584,0.4842245548249935,-0.1688311688311213
2019-04-07,daytime,6,0.08420751557248154,0.8739872804164668,1.0176991150441321
2019-04-07,nighttime,6,0.9382871548722684,0.005595196958885046,0.831847133757964
2019-04-08,daytime,6,-0.7160652206417192,0.10948317523601993,-0.3906390378206035
2019-04-08,nighttime,6,0.73542820161334,0.095737575094772015,1.6176470588235736
2019-04-09,daytime,6,-0.27891736956233315,0.5924731199598003,-2.420000000000013
2019-04-09,nighttime,6,0.5076300119734868,0.3039601214403832,0.16463414634145596
2019-04-10,daytime,6,0.6229952936070582,0.1864065030787327,0.8029779314012234
2019-04-10,nighttime,6,0.9194972697219049,0.00946017777061452,1.3085937500000122
2019-04-11,daytime,6,0.006987187045725646,0.9895193899913821,0.024937655860367745
2019-04-11,nighttime,6,-0.9698661989494782,0.0013483875103902818,-1.0126582278480822
2019-04-12,daytime,6,-0.682206628990486,0.13544154635007535,-2.9065420560749438
2019-04-12,nighttime,6,-0.9872212271783187,2.4390218438694936e-4,-1.0459183673469097
2019-04-13,daytime,6,-0.3578062360136444,0.48619477178596204,-0.6562499999999937
2019-04-13,nighttime,6,-0.9756154355112004,8.84660861773264e-4,-1.7887323943661868
2019-04-14,daytime,6,0.5606119105813911,0.24717829150498966,1.0999999999999306
2019-04-14,nighttime,6,-0.6565321642986088,0.15669575447850928,-0.312499999999947
2019-04-15,daytime,6,0.9732429491595411,0.0010643314361103492,0.3471502590673535
2019-04-15,nighttime,6,-0.012241329578521535,0.9816389228147535,-0.0019230769230814658
2019-04-16,daytime,6,-0.7183377930775212,0.10782775995091773,-0.14577259475218393
2019-04-16,nighttime,6,-0.9462555234916723,0.004255083512153072,-2.1499999999999995
2019-04-17,daytime,6,0.43907056465486605,0.3837168147330677,0.5692307692307458
2019-04-17,nighttime,6,-0.9403170945306552,0.005236777084896708,-1.5598194130925254
2019-04-18,daytime,6,0.7820234610557526,0.06609221356000859,0.132947976878563
2019-04-18,nighttime,6,0.23145502494314568,0.6590171507534018,0.07142857142857852
2019-04-19,daytime,6,-0.0888808291297628,0.8670298267717413,-0.7142857142859026
2019-04-19,nighttime,6,0.8191481657625301,0.04610348354976682,0.14126394052044555
2019-04-20,daytime,6,-0.006885262925148511,0.9896722688165753,-0.03773584905583345
2019-04-20,nighttime,6,0.6940096760468811,0.12612016852591668,2.6090651558072637
2019-04-21,daytime,6,0.8931963124513637,0.016501385201204546,0.21146496815287377
2019-04-21,nighttime,6,0.5249376673527824,0.28491929387659143,0.03346080305927763
2019-04-22,daytime,6,-0.16434187695655608,0.7557064780215244,-0.4081247047709454
2019-04-22,nighttime,6,0.76447078715645,0.07667814018767104,0.4285714285714432
2019-04-23,daytime,6,-0.5136539681560849,0.2972803817196302,-0.057356608478814845
2019-04-23,nighttime,6,-0.36994490826409543,0.47039782620028536,-0.023596419853549436
2019-04-24,daytime,6,0.08219949365267366,0.8769784605130593,0.013513513513497933
2019-04-24,nighttime,6,NA,NA,NA
2019-04-25,daytime,6,-0.5059644256269366,0.3058168080398421,-0.12800000000001577
2019-04-25,nighttime,6,NA,NA,NA
2019-04-26,daytime,6,-9.173071648617945e-15,0.9999999999999862,-4.1774451250186544e-14
2019-04-26,nighttime,6,NA,NA,NA
2019-04-27,daytime,6,-0.4149355515182252,0.4133167133484881,-2.628205128205096
2019-04-27,nighttime,6,-0.29111125486979816,0.5756683403592779,-1.000000000000045
2019-04-28,daytime,6,-0.6808703793896622,0.1365148991013463,-2.7963206307488995
2019-04-28,nighttime,6,0.8546157782499285,0.030168395870275595,0.5539033457248961
2019-04-29,daytime,6,0.8500000000000034,0.03206249999999858,0.10624999999997725
2019-04-29,nighttime,6,0.5547593043500976,0.25322681878192393,0.4130434782608584
2019-04-30,daytime,6,0.7682733253465293,0.07432433482637292,0.2682926829268222
2019-04-30,nighttime,6,NA,NA,NA
2019-05-01,daytime,6,NA,NA,0
2019-05-01,nighttime,6,-0.9254201418946914,0.00813582047841865,-21.20000000000047
2019-05-02,daytime,6,-0.6956729637226338,0.12482980164920225,-1.0088408644400837
2019-05-02,nighttime,6,-0.4081748865526192,0.4217400133645958,-5.328947368420084
2019-05-03,daytime,6,-0.8480177936343494,0.03289259916166378,-1.1695369847543668
2019-05-03,nighttime,6,-0.5898270691501223,0.21785862689496172,-0.530821917808215
2019-05-04,daytime,6,-0.8477187019907652,0.03301871986881474,-0.874719003977173
2019-05-04,nighttime,6,0.542118956522228,0.26648403843767493,0.5755968169761484
2019-05-05,daytime,6,-0.7611793061452578,0.07874237791623435,-1.8994298745724267
2019-05-05,nighttime,6,-0.5616966770362312,0.24606352188450992,-0.4839296543359668
2019-05-06,daytime,6,0.9779705410818971,7.226001745109327e-4,4.807923169267711
2019-05-06,nighttime,6,-0.7237359981199226,0.10394021532761286,-0.8612716763005573
2019-05-07,daytime,6,-0.4742478726396316,0.3419599832823813,-1.463068181818193
2019-05-07,nighttime,6,0.004385796179147852,0.9934213479121294,0.0030487804878295962
2019-05-08,daytime,6,-0.7006111696913295,0.1210328475050886,-0.8762807768771953
2019-05-08,nighttime,6,0.42855743508772653,0.3965185927298315,0.40650406504065145
2019-05-09,daytime,6,-0.799707788058494,0.056157896901320045,-1.4785454545454593
2019-05-09,nighttime,6,0.7824686481965395,0.06583305381358452,2.074626865671592
2019-05-10,daytime,6,-0.9153883655465973,0.010435820237669558,-12.90751445086692
2019-05-10,nighttime,6,0.8006316227128062,0.055659402597778324,2.1382978723404387
2019-05-11,daytime,6,-0.8254142392673123,0.04305957838432984,-5.620947630922481
2019-05-11,nighttime,6,0.8841534667631687,0.019353274371387143,3.55656108597273
2019-05-12,daytime,6,-0.7732397646754088,0.07130027767016893,-1.214864864864859
2019-05-12,nighttime,6,0.46222678744759366,0.3560380281071427,0.6190476190476126
2019-05-13,daytime,6,-0.19649366986904301,0.7090527821398476,-0.8198347107437745
2019-05-13,nighttime,6,0.7745966692414794,0.07048399691022231,1.374999999999989
2019-05-14,daytime,6,0.22667622395766823,0.6658092154579289,2.9285714285716664
2019-05-14,nighttime,6,0.8348786333990179,0.038646576107164064,1.2822580645161132
2019-05-15,daytime,6,-0.8860334189343857,0.018742451677426327,-7.236641221374355
2019-05-15,nighttime,6,0.9952419681221969,3.390444279902092e-5,1.2860465116278867
2019-05-16,daytime,6,-0.08336829813761912,0.875237269014973,-0.6968325791854951
2019-05-16,nighttime,6,NA,NA,NA
2019-05-17,daytime,6,0.3729406249357602,0.4665242318787467,7.8205128205126515
2019-05-17,nighttime,6,0.8600131635675327,0.02802285853405345,1.7500000000000202
2019-05-18,daytime,6,0.8842439791979936,0.01932365065376791,2.0255009107468336
2019-05-18,nighttime,6,-0.14664711502136116,0.7816061781671129,-0.09677419354836897
2019-05-19,daytime,6,-0.9536325360965261,0.0031750688909703267,-1.0453550992931702
2019-05-19,nighttime,6,0.8346088806178457,0.03876926082688184,0.6719457013574694
2019-05-20,daytime,6,0.08977605476064718,0.865697703689204,0.30999999999997996
2019-05-20,nighttime,6,-0.017367289088659914,0.9739516855515864,-0.008264462809908533
2019-05-21,daytime,6,0.9260248084319066,0.008006085159455615,2.506472491909397
2019-05-21,nighttime,6,0.7314235643786549,0.09851330011696387,0.5547945205479567
2019-05-22,daytime,6,0.8615924107494463,0.027409277526135062,1.1666284140463679
2019-05-22,nighttime,6,-0.023152738856065433,0.9652770972208218,-0.010989010988990886
2019-05-23,daytime,6,-0.8267492746673485,0.042423589983834234,-0.8969120399251399
2019-05-23,nighttime,6,0.6960624972073828,0.12452843823762569,0.9847560975609687
2019-05-24,daytime,6,0.8041694213561736,0.05376940959776623,3.636568848758535
2019-05-24,nighttime,6,0.8738233409836546,0.022876423061829663,0.8545454545454393
2019-05-25,daytime,6,0.7324225178888648,0.09781759605880191,3.369307995697444
2019-05-25,nighttime,6,0.7709752243074723,0.0726720782175212,0.8660714285714256
2019-05-26,daytime,6,0.7106565909814071,0.11346755407399083,3.0117328519855686
2019-05-26,nighttime,6,0.6868295951599137,0.13175634997816202,0.5146198830409014
2019-05-27,daytime,6,0.8311091782061192,0.04037743436639699,2.1479020979021053
2019-05-27,nighttime,6,0.6838088689161899,0.13415935336660298,0.6192468619246925
2019-05-28,daytime,6,0.966124003949499,0.0017019369021962151,4.86941092973743
2019-05-28,nighttime,6,0.8093770334794745,0.0510423286847825,0.4487632508833903
2019-05-29,daytime,6,0.8328459831584105,0.03957551751189074,3.8426966292135183
2019-05-29,nighttime,6,0.778880452993863,0.06793508767082664,1.3297872340425594
2019-05-30,daytime,6,0.3878864724422097,0.44735019849807467,4.592307692307775
2019-05-30,nighttime,6,0.6926662321769929,0.12716660852237016,0.955882352941195
2019-05-31,daytime,6,0.42248150352725855,0.4039822376344463,4.402439024390262
2019-05-31,nighttime,6,NA,NA,NA
2019-06-01,daytime,6,0.5129381048943272,0.298071260796751,1.3363006923837615
2019-06-01,nighttime,6,0.9211669082753262,0.009077024239233481,1.8553868402024485
2019-06-02,daytime,6,0.5612021830720058,0.24657144718286303,2.821917808219115
2019-06-02,nighttime,6,0.9913607977223704,1.1163132703493802e-4,1.9477234401348764
2019-06-03,daytime,6,0.9381753496616366,0.005615275293518267,5.36475869809206
2019-06-03,nighttime,6,0.9525781178667959,0.0033199303656809656,1.4595524956970876
2019-06-04,daytime,6,0.8616169651202897,0.027399788341152375,8.61290322580651
2019-06-04,nighttime,6,0.978148157123252,7.110373949950728e-4,1.6213592233009657
2019-06-05,daytime,6,-0.9661717533207256,0.0016971697284228287,-7.327014218009287
2019-06-05,nighttime,6,0.840594677307344,0.036089836194013854,2.1025641025640507
2019-06-06,daytime,6,-0.3873524672988668,0.44803085570329076,-1.8471818710052577
2019-06-06,nighttime,6,NA,NA,NA
2019-06-07,daytime,6,-0.9568477634308402,0.0027529960566421573,-18.23913043478224
2019-06-07,nighttime,6,0.1143947135611204,0.8291564228768218,0.5714285714290195
2019-06-08,daytime,6,-0.8191866449718267,0.046084496093882585,-3.8116591928252923
2019-06-08,nighttime,6,0.7759415898175174,0.06967914742983063,4.792207792207757
2019-06-09,daytime,6,0,1,2.8279570006621217e-13
2019-06-09,nighttime,6,-0.04193139346885804,0.937139772560202,-0.0285714285713944
2019-06-10,daytime,6,-0.8952971203083383,0.01587012675962874,-0.1959361393323871
2019-06-10,nighttime,6,-0.9986350084698231,2.7935311887910873e-6,-0.4757556675062928
2019-06-11,daytime,6,-0.08713317903858676,0.8696309973061492,-0.03036876355749568
2019-06-11,nighttime,6,-0.9778354245231857,7.314582312682679e-4,-1.7435897435897667
2019-06-12,daytime,6,0.8410214463203274,0.03590224446206525,0.4999999999999821
2019-06-12,nighttime,6,NA,NA,NA
2019-06-13,daytime,6,0.8112739143148369,0.05006532410646526,0.36199095022625166
2019-06-13,nighttime,6,0.7745966692414864,0.07048399691021813,0.5000000000000122
2019-06-14,daytime,6,8.667725579571527e-15,0.999999999999987,7.121270024665858e-14
2019-06-14,nighttime,6,NA,NA,NA
2019-06-15,daytime,6,0.29488391230979594,0.5704951712009496,0.2499999999999748
2019-06-15,nighttime,6,NA,NA,NA
2019-06-16,daytime,6,0.4676771024833574,0.34962995199209307,0.2673267326732782
2019-06-16,nighttime,6,-0.4780914437337593,0.3375018565403627,-1.5999999999993044
2019-06-17,daytime,6,-0.21652033127420334,0.680294853744289,-0.18965517241382415
2019-06-17,nighttime,6,0.7419985160044518,0.09126024444398585,0.47191011235953834
2019-06-18,daytime,6,0.040291148201265364,0.9395959815521614,0.02597402597399345
2019-06-18,nighttime,6,-0.613940613514906,0.19479327227467533,-0.43076923076925827
2019-06-19,daytime,6,-0.847963285411717,0.03291556718606718,-6.471698113207707
2019-06-19,nighttime,6,-0.7270544461627705,0.10158179005253073,-4.8214285714286715
2019-06-20,daytime,6,0.7019833503201413,0.1199868712684401,0.605263157894787
2019-06-20,nighttime,6,NA,NA,NA
2019-06-21,daytime,6,-0.11094003924504156,0.8342726490662533,-0.12307692307693985
2019-06-21,nighttime,6,0.8306316227273223,0.04059925006963788,2.2500000000000204
2019-06-22,daytime,6,0.5110914411477241,0.3001150759937756,0.39610389610387775
2019-06-22,nighttime,6,0.80295506854697,0.05441475480324173,0.875000000000009
2019-06-23,daytime,6,0.1950659742559408,0.7111122403959917,4.750000000000149
2019-06-23,nighttime,6,-0.4839599980641598,0.33073590002521736,-3.700000000000781
2019-06-24,daytime,6,-0.5857638510754607,0.221847661504678,-0.9473471508573436
2019-06-24,nighttime,6,0.9093916788921937,0.011942860609580159,2.049504950494966
2019-06-25,daytime,6,0.9344320330294523,0.006307793904509406,10.243902439024595
2019-06-25,nighttime,6,NA,NA,NA
2019-06-26,daytime,6,0.8962801358857114,0.015578816011157641,5.070921985815675
2019-06-26,nighttime,6,-0.06788442333021844,0.8983297807266314,-0.04761904761902331
2019-06-27,daytime,6,0.8116553039257106,0.04986994287548436,3.1181818181819545
2019-06-27,nighttime,6,0.5379766230565384,0.2708853523821617,0.3241491085899673
2019-06-28,daytime,6,-0.11178881472052211,0.8330152757449582,-2.3289473684234854
2019-06-28,nighttime,6,0.9255839589278944,0.008100572142886097,1.0289655172413736
2019-06-29,daytime,6,-0.07872510085117644,0.8821563036994573,-0.5492957746480472
2019-06-29,nighttime,6,0.70250017331421,0.11959393863868541,0.7272727272726532
2019-06-30,daytime,6,0.8401195450460858,0.03629922691518546,6.054054054054162
2019-06-30,nighttime,6,0.8994044679627227,0.014670205313868846,0.522988505747125
2019-07-01,daytime,6,-0.6765710194583198,0.13999310281569913,-1.8000000000000254
2019-07-01,nighttime,6,0.98460228355572,3.538091877793365e-4,1.9010309278349813
2019-07-02,daytime,6,0.8815726843999869,0.02020707034774607,0.3301967493584342
2019-07-02,nighttime,6,0.8410245857059794,0.035900866207627,2.2196796338672735
2019-07-03,daytime,6,0.6697455775307074,0.14559188338045304,2.6828621908127603
2019-07-03,nighttime,6,0.8197613433898508,0.04580134590851311,1.3003610108303352
2019-07-04,daytime,6,0.7293132020754269,0.0999902213059449,4.865365853658723
2019-07-04,nighttime,6,0.9709896734496978,0.0012501910382502629,0.6182432432432506
2019-07-05,daytime,6,0.8180979382875533,0.04662311962649229,5.064690026954234
2019-07-05,nighttime,6,0.7952933109342454,0.058568143468403736,1.1863354037266702
2019-07-06,daytime,6,-0.4974491414544792,0.3153745877241361,-0.9677419354838978
2019-07-06,nighttime,6,0.4627688111187234,0.35539890434164445,0.27272727272727915
2019-07-07,daytime,6,0.8451520376375231,0.034110373355495494,4.984725050916535
2019-07-07,nighttime,6,0.7954716334459873,0.0584698788339669,2.4210526315789522
2019-07-08,daytime,6,0.8758190201446423,0.02217388142221759,3.692259545170085
2019-07-08,nighttime,6,0.917233920528701,0.009991852778265014,1.850899742930549
2019-07-09,daytime,6,0.91005423695159815,0.011771519017458239,3.9827315541601913
2019-07-09,nighttime,6,0.811697209649612,0.04984849667919391,1.005340453938575
2019-07-10,daytime,6,-0.9042481952199569,0.013313666365793545,-2.6670588235293944
2019-07-10,nighttime,6,0.9876525163200613,2.2774927897787695e-4,2.2193548387095943
2019-07-11,daytime,6,-0.5899735632862873,0.21771535175902088,-1.6603448275862203
2019-07-11,nighttime,6,0.8874121087733347,0.018300465949884007,2.248730964466859
2019-07-12,daytime,6,0.39939656968094395,0.4327605405690378,7.833333333333458
2019-07-12,nighttime,6,0.9693185997842764,0.001397581536534261,3.6129032258062272
2019-07-13,daytime,6,0.5507160983202468,0.25743870537341146,7.092105263157958
2019-07-13,nighttime,6,0.8550271267976273,0.030002243798166774,5.5280000000000635
2019-07-14,daytime,6,-0.30851177245407135,0.5519143415619395,-1.7721518987343723
2019-07-14,nighttime,6,0.9818950297072244,4.887176103062359e-4,5.576923076922948
2019-07-15,daytime,6,0.1439748066130716,0.7855299986023743,0.06736842105261993
2019-07-15,nighttime,6,0.9690635035026945,0.0014207960761985596,2.0844155844155505
2019-07-16,daytime,6,0.014016702286227624,0.9789763234869913,0.4999999999934284
2019-07-16,nighttime,6,0.9666213978961978,0.0016526025486271558,4.478260869565032
2019-07-17,daytime,6,-0.8755023904539118,0.022284647189418104,-7.97445255474458
2019-07-17,nighttime,6,0.7504102514906847,0.08566846183833339,4.984615384615062
2019-07-18,daytime,6,-0.9324427187439499,0.006691814124669633,-13.71874999999978
2019-07-18,nighttime,6,0.7062636569965238,0.11674962033885479,5.965517241378578
2019-07-19,daytime,6,-0.8902856262848357,0.01739553636719511,-18.500000000000618
2019-07-19,nighttime,6,0.8342191746462444,0.03894682249120692,3.6874999999999543
2019-07-20,daytime,6,-0.28394921151309577,0.5855231912348456,-0.551528565500082
2019-07-20,nighttime,6,0.9628474177032459,0.002044830435337751,2.734939759035982
2019-07-21,daytime,6,-0.21371673214565984,0.6843056407254169,-0.2983566906167782
2019-07-21,nighttime,6,0.35638575213062157,0.48805379231752133,5.411764705882122
2019-07-22,daytime,6,-0.4597325729335779,0.3589843085860806,-4.053892215568984
2019-07-22,nighttime,6,0.3367327865252364,0.5139917120461697,2.830188679246026
2019-07-23,daytime,6,0.038034913056394344,0.9429751421065884,1.9999999999976743
2019-07-23,nighttime,6,2.224793483205055e-15,0.9999999999999967,-2.698417987866788e-13
2019-07-24,daytime,6,0.3349068109716246,0.5164217881979022,8.599999999999257
2019-07-24,nighttime,6,0.6419407387663666,0.16935690121165076,0.7142857142857302
2019-07-25,daytime,6,-0.9572503462230896,0.002702236147739882,-6.823529411764569
2019-07-25,nighttime,6,0.9148032694359385,0.010578524842291256,1.7547169811320331
2019-07-26,daytime,6,0.5196379516636154,0.2907003279172294,8.490000000000567
2019-07-26,nighttime,6,0.9000520693100772,0.014485163906836199,1.1616438356164185
2019-07-27,daytime,6,0.7236509227170402,0.10400099333683727,5.89772727272747
2019-07-27,nighttime,6,0.8745458870034073,0.022620857215471777,2.375000000000029
2019-07-28,daytime,6,0.3123631289726864,0.5466940549167082,3.673913043477825
2019-07-28,nighttime,6,0.8527521179470394,0.03092659837234916,2.5912408759124075
2019-07-29,daytime,6,-0.5187087201685971,0.2917184761457553,-3.2276088742811324
2019-07-29,nighttime,6,0.6865287290132892,0.1319948488535234,1.4999999999999551
2019-07-30,daytime,6,-0.44413619520851577,0.3776001850101523,-2.665153234960538
2019-07-30,nighttime,6,0.7796811755854484,0.06746339637424205,1.249999999999933
2019-07-31,daytime,6,0.24160042197240567,0.6446505676356045,3.8936170212767096
2019-07-31,nighttime,6,0.6728139203587934,0.14306334161444653,0.9750000000000063
2019-08-01,daytime,6,-0.8534003735903057,0.030661856390719906,-8.033457249070588
2019-08-01,nighttime,6,0.7753981145352664,0.07000387629341696,4.400000000000095
2019-08-02,daytime,6,-0.22968702039057445,0.6615281682617027,-5.299999999999992
2019-08-02,nighttime,6,0.980487711796186,5.673796356211228e-4,2.8103448275861895
2019-08-03,daytime,6,-0.5299676337661194,0.279473412670979,-10.33707865168855
2019-08-03,nighttime,6,0.9232870714969612,0.008601587163095392,1.7049180327868376
2019-08-04,daytime,6,-0.5730424542291804,0.23452348713731597,-9.03355704698009
2019-08-04,nighttime,6,0.979769017673542,6.097987726974745e-4,2.0769230769230282
2019-08-05,daytime,6,0.528398562831254,0.28116792700634347,18.00000000000391
2019-08-05,nighttime,6,0.8527610821837335,0.030922930123581528,2.8426966292135485
2019-08-06,daytime,6,-0.8223747996063713,0.04452396696797559,-11.523809523809852
2019-08-06,nighttime,6,0.6205716028381018,0.1886364858913947,1.4634146341460783
2019-08-07,daytime,6,-0.4138778961596469,0.41463074485359286,-18.70000000000458
2019-08-07,nighttime,6,0.736040123010159,0.09531654697324135,10.599999999996417
2019-08-08,daytime,6,0.6581945558418392,0.15527971311408229,4.675824175824201
2019-08-08,nighttime,6,0.4940869516795897,0.3191782990934654,2.900000000001239
2019-08-09,daytime,6,0.0028683847593892553,0.995697434660922,0.04799999999982973
2019-08-09,nighttime,6,0.8669718329021583,0.025367673832134785,3.54999999999984
2019-08-10,daytime,6,0.9049122196571117,0.013132652031058158,7.830985915493268
2019-08-10,nighttime,6,0.04338609156372089,0.9349616966229493,0.20000000000050955
2019-08-11,daytime,6,-0.44055211542287653,0.38192436245739014,-11.21052631578974
2019-08-11,nighttime,6,0.6495190528383293,0.16272934595059116,4.500000000000632
2019-08-12,daytime,6,-0.6597231565330484,0.1539824515443943,-13.000000000000128
2019-08-12,nighttime,6,0.506110206361812,0.30565413287042115,1.5624999999998637
2019-08-13,daytime,6,-0.9483272054746351,0.003936131353064894,-6.064102564102439
2019-08-13,nighttime,6,0.321080649533947,0.5349295746441263,2.000000000000088
2019-08-14,daytime,6,-0.8822988175445533,0.01996506183902133,-4.6861702127660925
2019-08-14,nighttime,6,0.9174491164476019,0.009940694940683196,10.55000000000015
2019-08-15,daytime,6,0.6680614448891932,0.14698777972570443,4.302968270215018
2019-08-15,nighttime,6,NA,NA,NA
2019-08-16,daytime,6,0.72018110794457,0.10649320304790735,6.238235294117767
2019-08-16,nighttime,6,0.9381697793867293,0.005616276541290686,2.5018587360594986
2019-08-17,daytime,6,0.8431320793918925,0.03498124960412603,5.241785492870474
2019-08-17,nighttime,6,0.9384377030899012,0.0055682166219040525,1.6854838709677018
2019-08-18,daytime,6,-0.195725933970064,0.7101600963366856,-0.4022617124394321
2019-08-18,nighttime,6,0.9256199440897926,0.008092839235996867,2.158730158730114
2019-08-19,daytime,6,-0.21633111634442162,0.6805653818704899,-1.2138554216868234
2019-08-19,nighttime,6,0.9326295856824233,0.006655269588483788,5.534653465346063
2019-08-20,daytime,6,0.4035943590623699,0.4274788824501675,21.000000000001858
2019-08-20,nighttime,6,0.8890891897082654,0.017769643294826876,4.532846715327949
2019-08-21,daytime,6,-0.5424910863616887,0.26609000582542325,-1.3375134360444658
2019-08-21,nighttime,6,NA,NA,NA
2019-08-22,daytime,6,-0.8832155576209633,0.019661520475468895,-6.862809917355372
2019-08-22,nighttime,6,NA,NA,NA
2019-08-23,daytime,6,-0.5997719091278054,0.20821901405427476,-45.39999999992133
2019-08-23,nighttime,6,0.576504131404517,0.2310463985928645,7.707317073170867
2019-08-24,daytime,6,-0.01571025179676955,0.9764365610442693,-0.6000000000063695
2019-08-24,nighttime,6,0.9093880210060414,0.011943809886458105,5.022727272727093
2019-08-25,daytime,6,-0.29172485336173676,0.574826106951617,-11.000000000004123
2019-08-25,nighttime,6,0.9707621655978024,0.0012697794453842258,0.28996282527882683
2019-08-26,daytime,6,-0.36881413040847943,0.47186256572193774,-2.013333333333112
2019-08-26,nighttime,6,0.8877272675166303,0.018200141448027753,0.6000000000000035
2019-08-27,daytime,6,NA,NA,NA
2019-08-27,nighttime,6,0.9672288211946979,0.0015933279340682143,4.959183673469394
2019-08-28,daytime,6,0.7406681724583493,0.09215907388334026,0.603448275862083
2019-08-28,nighttime,6,0.9350523537425558,0.00619031415624921,2.9537366548042208
2019-08-29,daytime,6,0.8662374269096463,0.025641970472025762,0.7337662337662383
2019-08-29,nighttime,6,0.13237584555341533,0.8025960667652633,0.9999999999998863
2019-08-30,daytime,6,-0.6581264469793459,0.1553376217979239,-1.1534653465346942
2019-08-30,nighttime,6,0.7571935321193031,0.08127514593561203,7.499999999999737
2019-08-31,daytime,6,0.800912560957957,0.05550821678368115,1.0849056603774134
2019-08-31,nighttime,6,0.7037611508691084,0.11863759975688645,0.8109243697478893
2019-09-01,daytime,6,0.9554349325137086,0.0029348137400095602,1.1311475409836274
2019-09-01,nighttime,6,0.6399025071515945,0.1711583487907458,0.5678571428571549
2019-09-02,daytime,6,0.5370250501018164,0.27190033736195657,0.17747440273036258
2019-09-02,nighttime,6,0.7926564600538705,0.06003002665597334,0.5697211155378494
2019-09-03,daytime,6,-0.7715474150526784,0.0723243384905332,-2.724489795918567
2019-09-03,nighttime,6,0.28389613404443015,0.5855963894097721,1.8000000000004446
2019-09-04,daytime,6,0.60345871352857,0.2046904221296929,4.822429906542092
2019-09-04,nighttime,6,0.8035050097864204,0.05412205835734313,2.0380952380952357
2019-09-05,daytime,6,0.9540568681473791,0.003117669323087655,5.336080929187105
2019-09-05,nighttime,6,0.7363664754773216,0.09509234053079214,1.933793103448263
2019-09-06,daytime,6,-0.8766483438581291,0.021885009963367983,-4.873873873873656
2019-09-06,nighttime,6,0.37033067666227815,0.46989845016487625,1.3766233766234095
2019-09-07,daytime,6,0.24330306600595417,0.6422467316008272,2.467422096316798
2019-09-07,nighttime,6,0.92085661991515,0.009147647726639356,7.677966101694877
2019-09-08,daytime,6,0.3851223271530448,0.45087702832640913,4.416184971098212
2019-09-08,nighttime,6,0.9771398364036786,7.779074064087967e-4,4.333333333333127
2019-09-09,daytime,6,0.2715760696377256,0.6026507467339504,2.765217391304076
2019-09-09,nighttime,6,0.9296890178372229,0.007241655430567511,4.935483870967532
2019-09-10,daytime,6,0.3240183567867752,0.5309814675166814,3.3700787401575627
2019-09-10,nighttime,6,0.9715556952788669,0.00120211086931582,5.749999999999898
2019-09-11,daytime,6,-0.11761092287841424,0.824397032182606,-1.5322580645168076
2019-09-11,nighttime,6,0.9584970737140215,0.0025479950877219408,4.0989660265878385
2019-09-12,daytime,6,0.8744056425970852,0.022670354824178805,4.716981132075544
2019-09-12,nighttime,6,0.9293819279772256,0.007304285085529792,6.008403361344544
2019-09-13,daytime,6,0.3156001568083296,0.542317198423472,0.17383874475687952
2019-09-13,nighttime,6,0.9653536164711523,0.001779763564974721,3.4834968777876756
2019-09-14,daytime,6,0.7435639037272179,0.09020765612886304,0.978947368421062
2019-09-14,nighttime,6,0.08108581961659339,0.8786378365640309,0.028929604628755344
2019-09-15,daytime,6,0.40840797146252206,0.42144866954419147,0.7582417582417496
2019-09-15,nighttime,6,NA,NA,NA
2019-09-16,daytime,6,0.957928584560697,0.002617772708854738,4.727034807642023
2019-09-16,nighttime,6,0.5465357250000072,0.2618218779220637,0.5974025974025732
2019-09-17,daytime,6,-0.5394837240352229,0.26928081066947357,-1.7790697674418736
2019-09-17,nighttime,6,0.4472135954999272,0.3739009663000959,0.6000000000000566
2019-09-18,daytime,6,NA,NA,NA
2019-09-18,nighttime,6,0.9347199784636727,0.006253127025034097,7.683168316830779
2019-09-19,daytime,6,-0.7790476454179305,0.06783647381534716,-8.114285714285494
2019-09-19,nighttime,6,0.9279959431959988,0.007590220746865385,2.3999999999999155
2019-09-20,daytime,6,0.12450471316430699,0.8142079304030256,0.5833333333337256
2019-09-20,nighttime,6,0.7104941384475361,0.11358819522016553,1.812499999999974
2019-09-21,daytime,6,-0.7615786877608284,0.078490586572738,-1.4472477064220495
2019-09-21,nighttime,6,-0.9211562099627432,0.009079454811046694,-2.2416356877323014
2019-09-22,daytime,6,-0.8689221037169662,0.024646070481243818,-3.185860382392219
2019-09-22,nighttime,6,0.7859683383739673,0.06381198098205705,0.8428571428571054
2019-09-23,daytime,6,-0.5818174113270237,0.2257498253625411,-2.5727272727275654
2019-09-23,nighttime,6,0.4458963213705213,0.3754828581275226,0.8124999999999215
2019-09-24,daytime,6,-0.13341985698805772,0.8010577084981503,-0.7352941176472202
2019-09-24,nighttime,6,0.8595168589208839,0.028217015967754083,6.271999999999785
2019-09-25,daytime,6,-0.3990155885134927,0.4332409394356042,-4.038461538462785
2019-09-25,nighttime,6,0.7053083673458868,0.11746876147408443,1.3863636363636078
2019-09-26,daytime,6,-0.972045835279664,0.0011612308019178846,-9.935483870966786
2019-09-26,nighttime,6,0.8550668047037783,0.029986240030979702,15.199999999989661
2019-09-27,daytime,6,-0.4813622745233461,0.3337247277244497,-5.032258064517147
2019-09-27,nighttime,6,0.5181632471383243,0.29231677068916545,2.3333333333329476
2019-09-28,daytime,6,0.08754710110811513,0.8690148504933481,1.1460674157292619
2019-09-28,nighttime,6,0.9324671634079181,0.0066870280629855615,3.2597402597396155
2019-09-29,daytime,6,0.14674387116541812,0.7814641671767284,1.9119999999990818
2019-09-29,nighttime,6,0.9071295456213482,0.01253688176485297,5.454545454544535
2019-09-30,daytime,6,0.6312734320579438,0.17887302316089812,3.1090225563909843
2019-09-30,nighttime,6,0.9443395513950009,0.0045609078929084255,0.7068965517240874
2019-10-01,daytime,6,-0.9648812145288058,0.0018283371295419084,-8.98876404494517
2019-10-01,nighttime,6,0.977593976493415,7.474205873152603e-4,5.233766233766041
2019-10-02,daytime,6,0.6674174895930646,0.14752302632284914,4.769461077844354
2019-10-02,nighttime,6,0.7009521969957896,0.12077252174296417,0.7341772151898265
2019-10-03,daytime,6,-0.2800155634027739,0.5909544852537396,-4.07725321888474
2019-10-03,nighttime,6,0.9605590611066237,0.0023027045722502928,3.78260869565203
2019-10-04,daytime,6,0.5114322666490256,0.2997374696402779,5.770992366412299
2019-10-04,nighttime,6,0.9848510605019057,3.4249728402589507e-4,1.6794871794871074
2019-10-05,daytime,6,NA,NA,NA
2019-10-05,nighttime,6,0.819432646550877,0.04596319331820792,3.3225806451608326
2019-10-06,daytime,6,-0.997296097799298,1.095674643417771e-5,-9.685714285714232
2019-10-06,nighttime,6,0.9147944590352168,0.010580680875600676,4.277227722772083
2019-10-07,daytime,6,-0.8968395602333239,0.01541419386201714,-5.451510333863011
2019-10-07,nighttime,6,0.5212034292258365,0.2889880975553561,1.5454545454549016
2019-10-08,daytime,6,-0.15689434317009843,0.7665895278704349,-3.8666666666676335
2019-10-08,nighttime,6,0.6938759931661153,0.12622412902488656,3.0152284263960754
2019-10-09,daytime,6,-0.865695023226989,0.025845455225233946,-7.189655172414079
2019-10-09,nighttime,6,0.9189763447686923,0.009581295689609448,2.0604026845636527
2019-10-10,daytime,6,-0.8598556295840581,0.028084417970196274,-5.7264437689972265
2019-10-10,nighttime,6,0.8563686072409215,0.029463409315331833,3.4545454545455043
2019-10-11,daytime,6,-0.7581616171638527,0.08065664906109184,-4.04127579737341
2019-10-11,nighttime,6,0.956519844480992,0.0027946857488226466,3.6069364161848476
2019-10-12,daytime,6,-0.5892050980431808,0.21846735383151059,-1.9218877135882853
2019-10-12,nighttime,6,0.6566607634151408,0.15658601807162129,2.6875000000000386
2019-10-13,daytime,6,-0.978508157710769,6.878853941845585e-4,-11.214285714285651
2019-10-13,nighttime,6,NA,NA,NA
2019-10-14,daytime,6,-0.6558441499858474,0.15728340511239974,-3.778761061947046
2019-10-14,nighttime,6,NA,NA,NA
2019-10-15,daytime,6,-0.5476410139038381,0.2606601736121544,-2.2910737386804536
2019-10-15,nighttime,6,0.28030595529069374,0.5905530867360937,1.4666666666669752
2019-10-16,daytime,6,0.19008796264725034,0.7183023214119801,3.5714285714265044
2019-10-16,nighttime,6,0.31622776601683716,0.5414697392755861,0.18750000000001996
2019-10-17,daytime,6,0.853418434800333,0.030654495750774433,0.7559808612440005
2019-10-17,nighttime,6,-0.7947162131866051,0.05888667320549544,-5.7337883959042175
2019-10-18,daytime,6,0.4425109871643828,0.3795588791792367,1.6206896551729506
2019-10-18,nighttime,6,-0.8013666296648592,0.05526426246915623,-6.330143540669619
2019-10-19,daytime,6,0.3721042037676258,0.46760475460939693,0.6000000000001312
2019-10-19,nighttime,6,-0.46119796283178405,0.3572522802440524,-5.103448275861642
2019-10-20,daytime,6,0.4378207870405338,0.3852311051408838,5.6000000000019154
2019-10-20,nighttime,6,-0.6100425384628437,0.19845043680452043,-0.3544303797467936
2019-10-21,daytime,6,-0.6230643556033512,0.18634312137943204,-1.683246073298484
2019-10-21,nighttime,6,-0.6826486344777156,0.13508730601749436,-0.12574850299400725
2019-10-22,daytime,6,-0.2560250767597015,0.6243534582477175,-8.200000000001282
2019-10-22,nighttime,6,0.5246721822971113,0.28520784153343215,0.43750000000001316
2019-10-23,daytime,6,-0.4661708958018993,0.35139669128733975,-2.1971830985915415
2019-10-23,nighttime,6,NA,NA,NA
2019-10-24,daytime,6,-0.6324555320336759,0.17780780835622115,-0.20000000000005194
2019-10-24,nighttime,6,-0.19426044313376872,0.7122747501035658,-4.0999999999999215
2019-10-25,daytime,6,-0.9741744991807981,9.918224961213736e-4,-7.688311688311571
2019-10-25,nighttime,6,NA,NA,NA
2019-10-26,daytime,6,-0.19288240009428698,0.7142643616431337,-0.2949194547707551
2019-10-26,nighttime,6,NA,NA,NA
2019-10-27,daytime,6,-0.41888074646169116,0.4084275143391106,-0.31241117953576636
2019-10-27,nighttime,6,0.32163376045132824,0.5341855883118686,0.16666666666667995
2019-10-28,daytime,6,0.8757062243679148,0.02221331028489658,0.8475836431226893
2019-10-28,nighttime,6,NA,NA,NA
2019-10-29,daytime,6,0.06495483910135812,0.9027047678395735,0.207792207792178
2019-10-29,nighttime,6,-0.31799936400190554,0.5390795735253275,-0.24999999999999212
2019-10-30,daytime,6,-0.9831771184526705,4.2213349900150623e-4,-29.600000000000488
2019-10-30,nighttime,6,0.694571608169739,0.12568358057950613,0.861111111111109
2019-10-31,daytime,6,0.14813363449166028,0.7794248389230762,0.09090909090909985
2019-10-31,nighttime,6,0.3071475584169754,0.5537667547526961,0.5000000000000102
2019-11-01,daytime,6,-0.38337840705962273,0.45310667743116007,-3.500000000000009
2019-11-01,nighttime,6,-0.9823216492044666,4.660236750552108e-4,-8.999999999999854
2019-11-02,daytime,6,0.37576161146163223,0.46288574922538744,1.0576923076922715
2019-11-02,nighttime,6,-0.8328265125462769,0.03958446573163092,-0.8159999999999805
2019-11-04,daytime,6,0.3900755988989189,0.4445633528840142,0.976878612716812
2019-11-04,nighttime,6,-0.7199640026997798,0.10665000584912576,-5.9999999999999
2019-11-05,daytime,6,NA,NA,6.694104396361372e-15
2019-11-05,nighttime,6,0.8468261737804885,0.03339643247403291,0.7722772277227593
2019-11-06,daytime,6,NA,NA,NA
2019-11-06,nighttime,6,0.8166749075958661,0.04733153120046248,3.1307692307691686
2019-11-07,daytime,6,NA,NA,NA
2019-11-07,nighttime,6,-0.7945272003995804,0.05899117166741057,-0.7413793103448374
2019-11-08,daytime,6,NA,NA,NA
2019-11-08,nighttime,6,NA,NA,NA
2019-11-09,daytime,6,NA,NA,-5.221401429159397e-14
2019-11-09,nighttime,6,-0.6832765096641655,0.1345847904202181,-2.5588235294116712
2019-11-10,daytime,6,NA,NA,-5.221401429159495e-14
2019-11-10,nighttime,6,-0.9619642155967573,0.0021425677607247676,-9.250000000000197
2019-11-11,daytime,6,NA,NA,NA
2019-11-11,nighttime,6,-0.9835649294637278,4.0294766416305806e-4,-9.049999999999827
2019-11-12,daytime,6,0.2,0.704,1.0000000000014435
2019-11-12,nighttime,6,NA,NA,NA
2019-11-13,daytime,6,NA,NA,3.055075304296019e-14
2019-11-13,nighttime,6,-0.7476906557772763,0.08745900069279568,-4.406249999999545
2019-11-14,daytime,6,NA,NA,1.8246832951366688e-14
2019-11-14,nighttime,6,-0.8785680449432167,0.021223278776882657,-4.728813559321797
2019-11-15,daytime,6,-0.5803810000880008,0.22717687883018536,-2.526315789473466
2019-11-15,nighttime,6,-0.8195838409725278,0.04588871353171634,-4.204778156996538
2019-11-16,daytime,6,NA,NA,0
2019-11-16,nighttime,6,-0.8560606690350575,0.02958669075269287,-4.7679180887370505
2019-11-17,daytime,6,-0.969517118415113,0.0013796466652817732,-4.900849858356923
2019-11-17,nighttime,6,-0.7397092748646263,0.09280937988300407,-0.27358490566037785
2019-11-18,daytime,6,NA,NA,NA
2019-11-18,nighttime,6,-0.8664337086911037,0.02556852300294762,-4.176470588235124
2019-11-19,daytime,6,NA,NA,NA
2019-11-19,nighttime,6,-0.5088578290357927,0.30259413568381477,-4.150000000000104
2019-11-20,daytime,6,0.1765469659009465,0.7379309324353481,0.08571428571425299
2019-11-20,nighttime,6,-0.6187359132780825,0.1903327427302404,-4.034482758620599
2019-11-21,daytime,6,NA,NA,NA
2019-11-21,nighttime,6,-0.1555464655170941,0.7685620019872357,-1.733333333333291
2019-11-22,daytime,6,NA,NA,NA
2019-11-22,nighttime,6,0.568324791916608,0.23929529652047477,5.4545454545458645
2019-11-23,daytime,6,-0.5437254603544178,0.26478459371476004,-5.405940594059298
2019-11-23,nighttime,6,-0.20935894733966065,0.6905498026740895,-0.23376623376624317
2019-11-24,daytime,6,-0.6377865170477943,0.17303695860649426,-1.5631399317406225
2019-11-24,nighttime,6,-0.7119457954885503,0.11251215592723818,-0.6831683168317025
2019-11-25,daytime,6,NA,NA,NA
2019-11-25,nighttime,6,-0.29277002188456097,0.5733922538253541,-0.5999999999999737
2019-11-26,daytime,6,-0.9999999999999999,1.848892746611764e-32,-0.24999999999999997
2019-11-26,nighttime,6,-0.4723099651338761,0.34421572724615057,-3.642857142857199
2019-11-27,daytime,6,NA,NA,NA
2019-11-27,nighttime,6,NA,NA,NA
2019-11-28,daytime,6,0.9460998335825268,0.004279545775028157,0.6153846153846072
2019-11-28,nighttime,6,-0.42815554159469604,0.39701081823908807,-2.9999999999999667
2019-11-29,daytime,6,NA,NA,NA
2019-11-29,nighttime,6,-0.46291004988627726,0.3552324305155428,-0.1428571428571492
2019-11-30,daytime,6,NA,NA,NA
2019-11-30,nighttime,6,0.44721359549995793,0.373900966300059,0.16666666666665078
2020-05-01,daytime,6,-0.6333672596733974,0.17698804244982702,-0.6047794117647165
2020-05-01,nighttime,6,-0.6086849982554221,0.1997306155012339,-2.249999999999899
2020-05-03,daytime,6,-0.05497493714168823,0.9176206681165623,-0.013297872340435902
2020-05-03,nighttime,6,-0.43478260869564705,0.3889208514835269,-0.4347826086956133
2020-05-04,daytime,6,0.18426137588194044,0.7267359807543952,0.13793103448274113
2020-05-04,nighttime,6,0.803703686623585,0.054016495379071196,6.913043478261266
2020-05-19,daytime,6,0.7462025072446606,0.08844580080909274,0.8750000000002212
2020-05-19,nighttime,6,0.35687321357317353,0.48741559654230615,0.08490566037735385
2020-05-20,daytime,6,-0.3808731779508705,0.45631579834137403,-0.05579399141630653
2020-05-20,nighttime,6,0.7698973538620949,0.07332919303291614,0.1693548387096689
2020-05-21,daytime,6,0.7071067811865475,0.1161165235168155,0.7500000000000236
2020-05-21,nighttime,6,NA,NA,NA
2020-05-22,daytime,6,NA,NA,2.677641758547495e-15
2020-05-22,nighttime,6,0.6131550205974667,0.19552806760485572,0.1521739130434878
2020-05-23,daytime,6,0.9024935904764477,0.013797728757953747,0.3723404255319328
2020-05-23,nighttime,6,NA,NA,NA
2020-05-24,daytime,6,NA,NA,-8.28793877644218e-15
2020-05-24,nighttime,6,0.5995047460980323,0.2084756644339364,0.550000000000006
2020-05-25,daytime,6,0.482450640677007,0.3324713118218996,0.15517241379311142
2020-05-25,nighttime,6,0.5533985905294588,0.2546412733806324,0.35000000000004866
2020-05-26,daytime,6,0.35675303400634184,0.4875729147908913,0.09090909090909385
2020-05-26,nighttime,6,-0.06514047490619282,0.9024274923258017,-0.029702970297012736
2020-05-27,daytime,6,NA,NA,-3.1508456900106174e-14
2020-05-27,nighttime,6,-0.1313064328597245,0.8041723027178247,-0.10344827586214411
2020-05-28,daytime,6,-0.38829013735765755,0.4468358966258599,-0.053846153846177476
2020-05-28,nighttime,6,0.1961161351381765,0.7095972614300076,0.05769230769230898
2020-05-29,daytime,6,-0.16064386578050194,0.7611070254038343,-0.0645161290322466
2020-05-29,nighttime,6,-0.6684176674937713,0.14669204948041176,-0.37623762376244446
2020-05-30,daytime,6,0.6245383527799476,0.1849924866611573,0.3033707865168708
2020-05-30,nighttime,6,0.31622776601683794,0.5414697392755848,0.06250000000001282
2020-05-31,daytime,6,NA,NA,-2.9007785717556035e-14
2020-05-31,nighttime,6,0.6859943405700375,0.1324189222202476,0.23529411764707783
2020-06-01,daytime,6,0.7288463995651779,0.10031822659644556,0.1102526002971704
2020-06-01,nighttime,6,0.09999999999999254,0.850500000000011,0.02499999999998501
2020-06-02,daytime,6,-0.02846704711546584,0.9573109637867345,-0.006482982171811298
2020-06-02,nighttime,6,0.877058019307033,0.021742978465235343,0.7692307692307572
2020-06-03,daytime,6,0.7363517391011614,0.09510245945354702,0.4358974358974305
2020-06-03,nighttime,6,NA,NA,7.678531513472304e-14
2020-06-04,daytime,6,-0.49657769667078294,0.3163588553241449,-0.20448877805483617
2020-06-04,nighttime,6,0.7617550741785385,0.07837949922886692,0.4255319148936
2020-06-16,daytime,6,0.21255890717295747,0.6859634819497893,1.6778523489926525
2020-06-16,nighttime,6,0.8708554769564034,0.023940505693157896,0.7583892617449318
2020-06-17,daytime,6,NA,NA,NA
2020-06-17,nighttime,6,0.7736070552836739,0.07107890268567967,0.9009900990099035
2020-06-18,daytime,6,NA,NA,-0
2020-06-18,nighttime,6,0.7221924739567193,0.1050453535806286,1.263157894736865
2020-06-19,daytime,6,0.8776111937671373,0.021551897655152495,0.8706624605678192
2020-06-19,nighttime,6,0.93716056908962,0.005799121129415742,1.5742574257424875
2020-06-20,daytime,6,0.9219544457292835,0.008898970841015782,0.4249999999999868
2020-06-20,nighttime,6,0.4594194168383179,0.3593548301321521,3.0217391304344288
2020-06-21,daytime,6,0.8250286473253873,0.04324408965627159,0.34033613445376765
2020-06-21,nighttime,6,-0.17180794879261116,0.7448237878591483,-1.1558441558440737
2020-06-22,daytime,6,0.9770084209183968,7.868422425510062e-4,0.8750000000000453
2020-06-22,nighttime,6,-0.4173650061841548,0.41030363642367873,-1.7999999999990934
2020-06-23,daytime,6,0.8858795678283004,0.0187920873727865,0.4130434782608882
2020-06-23,nighttime,6,0.08759357437106809,0.8689456751737217,0.043478260869559776
2020-06-24,daytime,6,-0.14852213144650278,0.7788549145741411,-0.3529411764710819
2020-06-24,nighttime,6,-0.15428278029594544,0.7704120396654808,-0.07331378299119598
2020-06-25,daytime,6,-0.12987654442875446,0.8062805567292457,-0.34532374100726626
2020-06-25,nighttime,6,0.9325588711912423,0.00666908734198486,0.4464285714285686
2020-06-26,daytime,6,-0.6572674493934119,0.15606875930627753,-2.332059245102797
2020-06-26,nighttime,6,0.9267600294283426,0.007849706916678523,1.6508422664624727
2020-06-27,daytime,6,0.6343684037167077,0.17608969864742272,7.679886685552583
2020-06-27,nighttime,6,0.6534461398525455,0.1593388807985901,0.3484646194926612
2020-06-28,daytime,6,-0.6400861247664105,0.17099573502796253,-1.750838926174569
2020-06-28,nighttime,6,0.950110577576323,0.0036713454541843524,0.9624999999999958
2020-06-29,daytime,6,-0.8801929736197287,0.020670746885916504,-4.22358078602614
2020-06-29,nighttime,6,0.7165985720844789,0.10909366713821557,0.5135135135135238
2020-06-30,daytime,6,0.42543938972092477,0.4003428981914118,0.4383561643835809
2020-06-30,nighttime,6,-0.21957751641340018,0.6759271119362933,-0.6428571428569335
2020-07-01,daytime,6,0.2667287762062964,0.609394943732755,3.9577464788730974
2020-07-01,nighttime,6,0.20307074253523355,0.6995809740649006,0.6370967741934641
2020-07-02,daytime,6,-0.43714607678204775,0.38604946952131175,-4.872521246458929
2020-07-02,nighttime,6,0.8835582668473758,0.019548617892027546,2.8050847457626933
2020-07-03,daytime,6,0.5924390611887828,0.21530973615380197,2.622649394066023
2020-07-03,nighttime,6,0.4541904680736675,0.3655615423745391,0.6461538461538241
2020-07-04,daytime,6,-0.5382428280407424,0.2706016692103067,-1.973986856517022
2020-07-04,nighttime,6,0.9067088552985553,0.012648889016684588,1.3597560975609408
2020-07-05,daytime,6,-0.4328404801693461,0.3912858024512085,-2.344108446298251
2020-07-05,nighttime,6,0.5622010076823574,0.2455459171468108,0.4329268292682553
2020-07-06,daytime,6,0.33502534994516703,0.5162639302515688,2.933586337760936
2020-07-06,nighttime,6,0.7191400026910466,0.10724606050096396,0.4636627906976491
2020-07-07,daytime,6,-0.6590470104388446,0.15455569963693933,-5.121495327103025
2020-07-07,nighttime,6,0.76628191944829,0.07555288705135253,6.052631578947349
2020-07-08,daytime,6,0.6491522450488633,0.16304756814303198,7.407911001236223
2020-07-08,nighttime,6,0.9448798031503796,0.004473620065137128,1.1865384615384282
2020-07-09,daytime,6,-0.5873549566100988,0.22028213811137917,-4.424369747899495
2020-07-09,nighttime,6,0.8851148400337836,0.019039738335651903,2.7896678966789463
2020-07-10,daytime,6,-0.7765017276434921,0.06934518213053448,-4.055102040816322
2020-07-10,nighttime,6,0.8281165161668953,0.04177684104150839,1.0673469387755103
2020-07-11,daytime,6,-0.6302853850030358,0.1797654034337721,-4.250000000000323
2020-07-11,nighttime,6,0.9580619361904437,0.002601321435746563,2.1085526315789016
2020-07-12,daytime,6,-0.9733234630268808,0.0010579644236115304,-5.471428571429095
2020-07-12,nighttime,6,0.9537184901706496,0.003163400236676417,1.8952603861907253
2020-07-13,daytime,6,0.5829643498474428,0.22461294419819042,3.2730732635586115
2020-07-13,nighttime,6,0.8928837434461141,0.01659631842521145,1.0551724137930867
2020-07-14,daytime,6,-0.23629542525279248,0.6521537020367547,-2.058744993324515
2020-07-14,nighttime,6,0.8988306851496357,0.014835099784199383,9.74999999999985
2020-07-15,daytime,6,-0.4215425472205337,0.4051398380536755,-6.455516014236147
2020-07-15,nighttime,6,0.9056997446041792,0.012919522941409127,5.816135084427645
2020-07-16,daytime,6,-0.8714603850451998,0.02372175535601407,-6.958499600957659
2020-07-16,nighttime,6,0.8970394656622751,0.015355571742872397,1.414285714285664
2020-07-17,daytime,6,-0.4859529562410429,0.32844952793020865,-1.6937024054152383
2020-07-17,nighttime,6,0.8233588186818922,0.04404737189166182,2.51724137931036
2020-07-18,daytime,6,-0.8344612080595228,0.038836500113147945,-5.234673698088333
2020-07-18,nighttime,6,0.9590286761631336,0.002483585821802373,2.9999999999999165
2020-07-19,daytime,6,0.0331160212789733,0.9503441267693965,0.1571268237933643
2020-07-19,nighttime,6,0.9855305895465313,3.125310726470562e-4,1.8168316831683238
2020-07-20,daytime,6,0.31918807575109787,0.5374774909671763,3.3776978417266235
2020-07-20,nighttime,6,0.9120498600237668,0.011262683528701672,1.7196652719664682
2020-07-21,daytime,6,-0.6373944774686734,0.17338595910738003,-0.8275953741858335
2020-07-21,nighttime,6,0.8850458415159188,0.01906215934779591,1.1569620253164432
2020-07-22,daytime,6,-0.2781523071094828,0.5935316813648552,-0.6399659139326987
2020-07-22,nighttime,6,0.9273879588123426,0.0077173389850513936,2.150121065375199
2020-07-23,daytime,6,-0.7045346105393616,0.11805266038667082,-0.6862224039247746
2020-07-23,nighttime,6,0.9439173592714879,0.004629696570678764,1.4012158054710868
2020-07-24,daytime,6,0.48561166776011105,0.3288406524825596,2.199999999999993
2020-07-24,nighttime,6,0.9668609610212839,0.0016290972782076632,2.135922330097026
2020-07-25,daytime,6,-0.2695685994382297,0.6054415025241927,-0.7031802120142089
2020-07-25,nighttime,6,0.9737030022103768,0.001028205530163959,2.5943396226412685
2020-07-26,daytime,6,-0.6963994714336524,0.1242679930112339,-1.5315789473684451
2020-07-26,nighttime,6,0.991426529961017,1.0994148892769905e-4,1.8203124999999762
2020-07-27,daytime,6,-0.21883601777242637,0.6769859145451518,-0.6485148514851287
2020-07-27,nighttime,6,0.7815883663274921,0.06634594742476252,0.22433460076045067
2020-07-28,daytime,6,-0.36903294791233976,0.47157901256340673,-0.8019801980197447
2020-07-28,nighttime,6,0.7276068751089942,0.10119150721829873,0.16666666666667096
2020-07-29,daytime,6,0.8213640981781065,0.04501597216393335,0.1914651493598864
2020-07-29,nighttime,6,0.4553547073345196,0.36417636231973083,1.1692307692307244
2020-07-30,daytime,6,0.7230335314859746,0.10444252931062398,0.31830128648499595
2020-07-30,nighttime,6,-0.032779544953144925,0.9508482933573277,-0.37500000000005584
2020-07-31,daytime,6,0.5160468465421556,0.2946424896448296,0.9130434782608401
2020-07-31,nighttime,6,-0.7615812074053072,0.07848899921189685,-2.932038834951203
2020-08-01,daytime,6,0.6370589892970238,0.1736848499215517,0.6493506493506325
2020-08-01,nighttime,6,0.79985659508165,0.056077463332399165,2.7253218884121027
2020-08-02,daytime,6,-0.2249617183036358,0.6682498285228029,-1.8125000000000235
2020-08-02,nighttime,6,0.7809161148952238,0.06673885643678425,9.29411764705878
2020-08-03,daytime,6,-0.9092731518522736,0.011973638743625056,-8.769230769230727
2020-08-03,nighttime,6,-0.025522165416876363,0.9617250642005768,-0.09900990098974942
2020-08-04,daytime,6,0.28325592337787825,0.5864794812160612,1.432748538011683
2020-08-04,nighttime,6,-0.38720154633117937,0.4482232836764823,-0.3448275862068709
2020-08-05,daytime,6,0.090632492480098,0.864423500196309,0.5863636363632149
2020-08-05,nighttime,6,0.9892269470420674,1.7346285195237785e-4,3.1368421052631508
2020-08-06,daytime,6,0.23319655914689724,0.6565458497858467,1.0986842105262917
2020-08-06,nighttime,6,0.9065505032413022,0.01269117438946865,5.571428571428484
2020-08-07,daytime,6,-0.4431303710465116,0.3788119860068481,-3.4893617021275634
2020-08-07,nighttime,6,0.03631365196012782,0.9455534651270348,0.2000000000000465
2020-08-08,daytime,6,-0.5020404610091722,0.3102076082232394,-1.6279863481227834
2020-08-08,nighttime,6,0.8883301383959762,0.018008966577493974,1.4347826086956215
2020-08-09,daytime,6,-0.5525374866117867,0.2555379748432526,-0.8856382978723496
2020-08-09,nighttime,6,0.41403933560538864,0.4144300825009465,1.199999999999556
2020-08-10,daytime,6,-0.15631503171567124,0.7674371835832003,-0.08144796380091297
2020-08-10,nighttime,6,-0.6649388897951626,0.14959094484176158,-2.7500000000003064
2020-08-11,daytime,6,-0.17450525759895033,0.7408991380641137,-0.956521739130512
2020-08-11,nighttime,6,0.6480740698407869,0.1639844499053852,2.800000000000058
2020-08-12,daytime,6,-0.3357449307421474,0.5153059702204842,-1.7230769230765801
2020-08-12,nighttime,6,0.8931977372352647,0.016500953066224622,6.599999999988632
2020-08-13,daytime,6,0.4107919181288785,0.4184726908988072,1.1250000000003757
2020-08-13,nighttime,6,0.9683296637314888,0.0014886324638936211,0.690909090909075
2020-08-14,daytime,6,0.7385489458759997,0.09359902097036574,0.49999999999999145
2020-08-14,nighttime,6,-0.8539125638299658,0.030453443151392433,-4.4999999999995355
2020-08-15,daytime,6,0.5222329678670874,0.28786413472669736,0.33333333333330023
2020-08-15,nighttime,6,NA,NA,NA
2020-08-16,daytime,6,-0.9913290931509198,1.124509789356726e-4,-4.102941176470617
2020-08-16,nighttime,6,-0.2251334332290433,0.6680053012524474,-0.7301587301587039
2020-08-17,daytime,6,NA,NA,NA
2020-08-17,nighttime,6,-0.8158431221748531,0.047747907797516476,-5.333333333333291
2020-08-18,daytime,6,-0.44690013239446347,0.3742771879254725,-0.6445783132530186
2020-08-18,nighttime,6,-0.3321819194149599,0.5200543991901098,-0.137931034482732
2020-08-19,daytime,6,0.9713195718727651,0.0012220546500891446,1.204545454545473
2020-08-19,nighttime,6,0.8316320352807864,0.04013522901596729,0.9062499999999672
2020-08-20,daytime,6,0.878419604216277,0.021274100858673282,1.5106382978722743
2020-08-20,nighttime,6,0.9607712139076543,0.0022781619438912073,1.257425742574228
2020-08-21,daytime,6,-0.5477225575051629,0.2605745473680288,-0.6000000000001152
2020-08-21,nighttime,6,0.5899445023218307,0.21774377113030546,0.7857142857142995
2020-08-22,daytime,6,NA,NA,NA
2020-08-22,nighttime,6,NA,NA,NA
2020-08-23,daytime,6,NA,NA,NA
2020-08-23,nighttime,6,0.6893819875457111,0.1297405602764536,0.23762376237624125
2020-08-24,daytime,6,-0.28200959516425433,0.5881996358613266,-2.600000000000959
2020-08-24,nighttime,6,-0.050964719143762306,0.9236191092312965,-0.13333333333326008
2020-08-25,daytime,6,-0.5999999999999991,0.20800000000000063,-0.44999999999997403
2020-08-25,nighttime,6,0.8128970193249423,0.04923628189414338,0.45747800586510506
2020-08-26,daytime,6,-0.8984428261706426,0.014947066120408851,-0.4228187919463284
2020-08-26,nighttime,6,0.6614378277661477,0.15253278317462318,0.4375000000000026
2020-08-27,daytime,6,0.4348429491563919,0.3888474529385441,0.09489051094890087
2020-08-27,nighttime,6,-0.5588369500003239,0.24900661174869948,-5.590909090908377
2020-08-28,daytime,6,-0.25039387777798366,0.6322586675826525,-1.1168831168833613
2020-08-28,nighttime,6,0.5222329678670946,0.28786413472668954,3.0000000000010605
2020-08-29,daytime,6,-0.39265576966162696,0.44128589479239083,-0.29661016949153846
2020-08-29,nighttime,6,-0.05408962503633333,0.9189446871164133,-0.9999999999997492
2020-08-30,daytime,6,0.3304625289072251,0.5223503666824626,3.416666666666472
2020-08-30,nighttime,6,0.5519222424952769,0.2561794057290487,1.7532467532467628
2020-08-31,daytime,6,0.183031185697299,0.7285190317877563,2.7839999999988407
2020-08-31,nighttime,6,0.9419892661299073,0.004950257693087186,3.641025641025452
2020-09-01,daytime,6,0.22736039063244545,0.6648358556527042,1.7425742574254866
2020-09-01,nighttime,6,-0.2537340189666221,0.627566790446326,-0.3119999999999933
2020-09-02,daytime,6,0.9165330402019225,0.010159354039510866,1.3913043478259994
2020-09-02,nighttime,6,-0.3254383347250626,0.5290761027794675,-0.19364161849709405
2020-09-03,daytime,6,-0.5654527761937981,0.24221887821923507,-0.35526315789477003
2020-09-03,nighttime,6,NA,NA,NA
2020-09-04,daytime,6,-0.6073806165756465,0.20096383526232456,-1.6371681415932573
2020-09-04,nighttime,6,0.5477225575051694,0.260574547368022,0.29999999999994337
2020-09-05,daytime,6,-0.7952684442736176,0.058581852271621826,-3.55390334572495
2020-09-05,nighttime,6,-0.6221116465421284,0.18721825720850901,-2.4374999999999414
2020-09-06,daytime,6,-0.6426243782090466,0.16875447156213294,-3.6562500000004015
2020-09-06,nighttime,6,0.6100024625293171,0.19848818067231108,0.8500000000000252
2020-09-07,daytime,6,0.927925436457295,0.007604909658041827,8.883870967742295
2020-09-07,nighttime,6,-0.06047431568147671,0.9093991080836025,-0.028571428571410668
2020-09-08,daytime,6,0.6626077274235821,0.151547039069677,4.673267326732862
2020-09-08,nighttime,6,0.9051392757105055,0.013071030701197429,2.9999999999997926
2020-09-09,daytime,6,NA,NA,NA
2020-09-09,nighttime,6,NA,NA,NA
2020-09-10,daytime,6,NA,NA,NA
2020-09-10,nighttime,6,0.5442504302301355,0.26423016481921224,4.999999999997443
2020-09-11,daytime,6,0.9566850337265622,0.002773645981679187,2.918660287081365
2020-09-11,nighttime,6,NA,NA,NA
2020-09-12,daytime,6,0.9864289747864005,2.7500938167255223e-4,7.171052631579542
2020-09-12,nighttime,6,0.7006490497453708,0.12100391941035303,1.5000000000000009
2020-09-13,daytime,6,0.4732483239956377,0.3431228021842103,2.218309859154656
2020-09-13,nighttime,6,-8.517011638046812e-16,0.9999999999999987,1.1477338341139321e-12
2020-09-14,daytime,6,0.9134731391136719,0.010906437606337608,0.6352459016393462
2020-09-14,nighttime,6,0.81909325395612,0.04613058592492194,4.307692307692261
2020-09-15,daytime,6,0.7612020568998547,0.07872802484920374,0.9285714285714483
2020-09-15,nighttime,6,0.8363631455643401,0.03797467652181219,25.999999999982347
2020-09-16,daytime,6,0.864388642851765,0.026338684005183233,1.3506493506494455
2020-09-16,nighttime,6,0.5,0.31250000000000006,0.12500000000001085
2020-09-17,daytime,6,NA,NA,NA
2020-09-17,nighttime,6,0.8943661413261519,0.01614840980248725,2.063583815028828
2020-09-18,daytime,6,-0.5795378640469937,0.22801619588385907,-0.5324675324674812
2020-09-18,nighttime,6,-0.05103103630798048,0.9235198921998886,-0.046874999999900524
2020-09-19,daytime,6,-0.8002292342930134,0.05587627654582899,-3.9560439560438323
2020-09-19,nighttime,6,0.6627684041613862,0.1514118670665651,3.3506493506492174
2020-09-20,daytime,6,0.26961433918079925,0.6053778794269193,0.3279999999999543
2020-09-20,nighttime,6,0.4334292690220331,0.39056830952060406,1.912621359223391
2020-09-21,daytime,6,-0.4234672370322364,0.4027681699030354,-0.6739130434782856
2020-09-21,nighttime,6,0.8180965804460787,0.04662379321812453,5.013574660633448
2020-09-22,daytime,6,-0.899871697511605,0.014536588431200065,-3.023346303501956
2020-09-22,nighttime,6,0.7131955554565765,0.11158937771648204,3.3705583756344475
2020-09-23,daytime,6,-0.37068831220106413,0.46943563971634017,-0.32520325203251643
2020-09-23,nighttime,6,-0.5587442366156624,0.24910225762138993,-0.7999999999998478
2020-09-24,daytime,6,0.08770580193070114,0.868778627111374,0.40000000000012187
2020-09-24,nighttime,6,-0.8334548201439594,0.03929618884668451,-2.237623762376158
2020-09-25,daytime,6,0.5114083119567593,0.2997640036284376,0.8499999999998282
2020-09-25,nighttime,6,0.5562939111666079,0.2516353010904505,0.2391304347826066
2020-09-26,daytime,6,NA,NA,2.776772681772755e-26
2020-09-26,nighttime,6,0.9152492334988813,0.010469669289615234,10.199999999989643
2020-09-27,daytime,6,0.06984302957696181,0.895405804487184,0.06666666666673253
2020-09-27,nighttime,6,0.41699182959319536,0.41076598103615897,2.3333333333340316
2020-09-28,daytime,6,-0.7977240352174648,0.057235231106631985,-0.5833333333333426
2020-09-28,nighttime,6,0.06019292654287273,0.9098196553424714,0.06521739130436843
2020-09-29,daytime,6,0.9527778555690142,0.0032922453268936025,1.456521739130447
2020-09-29,nighttime,6,NA,NA,NA
2020-09-30,daytime,6,-0.31622776601683794,0.5414697392755848,-0.1333333333332831
2020-09-30,nighttime,6,0.4152273992686981,0.41295436655115075,1.3333333333338209
2020-10-01,daytime,6,-0.11806816745380275,0.8237206893873783,-0.02027649769585521
2020-10-01,nighttime,6,0.5019271914233676,0.31033469877765696,0.718120805369197
2020-10-02,daytime,6,0.7994080650317841,0.056320065243541356,0.9230769230770457
2020-10-02,nighttime,6,0.766233707141458,0.07558274365269854,1.0872483221476767
2020-10-03,daytime,6,0.6843128604001927,0.13375712226466382,0.9227272727272905
2020-10-03,nighttime,6,0.5544788620954199,0.25351808512579155,0.18085106382979677
2020-10-04,daytime,6,-0.07905694150421184,0.8816616406858829,-0.2000000000003698
2020-10-04,nighttime,6,-0.2781469555833094,0.5935390876050819,-0.23913043478255613
2020-10-05,daytime,6,-0.3374018769236678,0.5131021039282756,-0.6086956521740265
2020-10-05,nighttime,6,0.7400707385017857,0.09256400240723367,0.8079999999999827
2020-10-06,daytime,6,-0.3378258643595914,0.5125386139036915,-0.9396923076929928
2020-10-06,nighttime,6,-0.43999999999999473,0.3825920000000065,-0.2639999999999601
2020-10-07,daytime,6,-0.9026907168992514,0.013742929366584345,-6.4999999999965645
2020-10-07,nighttime,6,0.943172301878819,0.0047523215880735424,2.1562499999998903
2020-10-08,daytime,6,-0.3061862178478807,0.5550731521897967,-0.18749999999996594
2020-10-08,nighttime,6,-0.7307981486470373,0.09894997496486287,-0.6428571428570294
2020-10-09,daytime,6,0.4152273992686974,0.4129543665511516,0.17241379310340077
2020-10-09,nighttime,6,0.23904572186688036,0.6482612949673046,0.25000000000002304
2020-10-10,daytime,6,NA,NA,-0
2020-10-10,nighttime,6,NA,NA,NA
2020-10-11,daytime,6,0.4399413450640542,0.3826629512810842,0.25806451612911235
2020-10-11,nighttime,6,NA,NA,NA
2020-10-12,daytime,6,NA,NA,0
2020-10-12,nighttime,6,NA,NA,NA
2020-10-13,daytime,6,0.9231861823449936,0.00862392918634049,0.46875000000002187
2020-10-13,nighttime,6,NA,NA,NA
2020-10-14,daytime,6,0.628081903349277,0.18176217935119626,0.7226027397260236
2020-10-14,nighttime,6,-0.5795378640469647,0.22801619588388802,-0.5324675324673794
2020-10-15,daytime,6,-0.5999999999999991,0.20800000000000063,-0.6000000000000135
2020-10-15,nighttime,6,NA,NA,NA
2020-10-16,daytime,6,0.16151457061744565,0.7598348558644937,0.20000000000002324
2020-10-16,nighttime,6,0.6749192649753555,0.1413393692929191,1.0000000000000926
2020-10-17,daytime,6,-0.5587442366156642,0.24910225762138805,-1.0666666666668065
2020-10-17,nighttime,6,0.6439386815535681,0.16759882685084682,1.5147058823530128
2020-10-18,daytime,6,0.19611613513818352,0.7095972614299975,0.2500000000000068
2020-10-18,nighttime,6,0.42616136432432944,0.39945628378235615,0.5365853658536923
2020-10-19,daytime,6,0.6324555320336759,0.17780780835622115,0.12499999999999148
2020-10-19,nighttime,6,0.24967511357294114,0.6332694111026018,1.142857142857226
2020-10-20,daytime,6,NA,NA,-3.15084569001068e-14
2020-10-20,nighttime,6,0.6606407943960395,0.15320591010715695,2.711538461538354
2020-10-21,daytime,6,-0.6527912098338605,0.15990222143539823,-0.3125000000000565
2020-10-21,nighttime,6,NA,NA,NA
2020-10-22,daytime,6,-0.042070316191176654,0.9369317560815458,-0.00884955752211658
2020-10-22,nighttime,6,-0.6800000000000006,0.13721599999999945,-1.1333333333332893
2020-10-23,daytime,6,NA,NA,NA
2020-10-23,nighttime,6,0.7938841860374352,0.05934730898084812,0.7142857142858013
2020-10-24,daytime,6,0.439155032826839,0.38361454321090077,0.4285714285715899
2020-10-24,nighttime,6,0.443275766080337,0.3786367331494161,1.8051948051945228
2020-10-25,daytime,6,0.694177465019696,0.12598973757167026,0.5119999999999711
2020-10-25,nighttime,6,NA,NA,NA
2020-10-26,daytime,6,0.3114959116429833,0.5478683104271148,0.2079207920791793
2020-10-26,nighttime,6,-0.40599897147056757,0.4244629964867766,-0.23809523809522323
2020-10-27,daytime,6,0.37907125275171155,0.4586284454836248,0.06158357771259687
2020-10-27,nighttime,6,NA,NA,NA
2020-10-28,daytime,6,0.1250000000000025,0.8134765624999962,0.1250000000000396
2020-10-28,nighttime,6,-0.08464779113810489,0.8733315745239689,-0.10389610389611369
2020-10-29,daytime,6,NA,NA,NA
2020-10-29,nighttime,6,NA,NA,NA
2020-10-30,daytime,6,0.2844627935584621,0.5848150435675198,0.2307692307692312
2020-10-30,nighttime,6,0.7071067811865475,0.1161165235168155,0.37500000000000633
2020-10-31,daytime,6,-0.08075728530871522,0.8791274110107599,-0.07499999999998182
2020-10-31,nighttime,6,0.9557744430923585,0.0028905994448784307,0.2976588628762525
2020-11-02,daytime,6,-0.6599120175960895,0.15382249356630437,-0.5624999999999872
2020-11-02,nighttime,6,0.9068453126375198,0.01261250499007319,0.6578947368421252
2020-11-03,daytime,6,0.18898223650461668,0.7199013280378004,0.08333333333332829
2020-11-03,nighttime,6,0.819688599970531,0.045837141232456205,0.34838709677418
2020-11-04,daytime,6,0.4741046559307566,0.3421265064057723,0.384615384615381
2020-11-04,nighttime,6,NA,NA,2.2974166288309447e-14
2020-11-05,daytime,6,0.17149858514254757,0.745274160302982,0.11764705882352826
2020-11-05,nighttime,6,NA,NA,NA
2020-11-06,daytime,6,0.8688002439733298,0.024690868607605377,0.5121951219512277
2020-11-06,nighttime,6,0,1,-3.85379695731932e-14
2020-11-07,daytime,6,0.6961061401749394,0.124494693498093,0.12751677852347576
2020-11-07,nighttime,6,NA,NA,NA
2020-11-08,daytime,6,0.8389612870276592,0.03681205453328419,0.19023136246785546
2020-11-08,nighttime,6,NA,NA,NA
2020-11-09,daytime,6,0.4173650061841438,0.4103036364236923,0.19354838709674219
2020-11-09,nighttime,6,-0.8457816116784864,0.03384105497618134,-1.009900990098963
2020-11-10,daytime,6,0.9135002783911401,0.010899698569593488,0.4399999999999916
2020-11-10,nighttime,6,0.6605782590758158,0.1532587770028176,3.0000000000007043
2020-11-11,daytime,6,0.5813183589761798,0.2262452187420501,0.12068965517239774
2020-11-11,nighttime,6,NA,NA,NA
2020-11-12,daytime,6,0.9146768081493778,0.010609492175052856,0.5148514851485262
2020-11-12,nighttime,6,-0.4507842198054982,0.3696247924242956,-1.9500000000001168
2020-11-13,daytime,6,NA,NA,NA
2020-11-13,nighttime,6,0.9191450300180577,0.00954199351502387,0.7000000000000031
2020-11-14,daytime,6,-0.5813183589761799,0.22624521874205006,-0.4827586206895781
2020-11-14,nighttime,6,-0.8800000000000068,0.020735999999997687,-0.3519999999999537
2020-11-15,daytime,6,-0.7725393039369146,0.07172332975219992,-0.7692307692307576
2020-11-15,nighttime,6,NA,NA,NA
2020-11-16,daytime,6,0.3109731771081058,0.5485764586680728,0.5434782608696067
2020-11-16,nighttime,6,0.058420623783695474,0.9124687582216986,0.01023890784982566
2020-11-17,daytime,6,NA,NA,NA
2020-11-17,nighttime,6,NA,NA,NA
2020-11-18,daytime,6,-0.4629100498862718,0.35523243051554915,-0.18749999999999298
2020-11-18,nighttime,6,-0.5987240814906046,0.20922634590168038,-0.16728624535314687
2020-11-19,daytime,6,0.7564900711329695,0.08172591365443237,0.33663366336634765
2020-11-19,nighttime,6,0.3730019232961225,0.4664450749372851,0.04347826086955723
2020-11-20,daytime,6,NA,NA,NA
2020-11-20,nighttime,6,0.07905694150420463,0.8816616406858937,0.06250000000002255
2020-11-21,daytime,6,0.8481688724266179,0.032828978893451384,0.42774566473986514
2020-11-21,nighttime,6,0.9097176522946868,0.011858412162670025,0.4137931034483116
2020-11-22,daytime,6,NA,NA,-1.5357063026946683e-14
2020-11-22,nighttime,6,0.28200959516425134,0.5881996358613306,0.10400000000001941
2020-11-23,daytime,6,0.44827586206896597,0.3726270039772022,0.44827586206895664
2020-11-23,nighttime,6,NA,NA,NA
2020-11-24,daytime,6,-0.7745966692414787,0.07048399691022272,-0.5999999999999608
2020-11-24,nighttime,6,-0.13912166872804407,0.79266383563756,-0.032258064516105744
2020-11-25,daytime,6,NA,NA,NA
2020-11-25,nighttime,6,0.9199531676452972,0.009354793201183998,4.272727272727218
2020-11-26,daytime,6,-0.3323357865906583,0.519849077895508,-0.27433628318582887
2020-11-26,nighttime,6,NA,NA,NA
2020-11-27,daytime,6,NA,NA,NA
2020-11-27,nighttime,6,NA,NA,NA
2020-11-28,daytime,6,-0.6290983276740908,0.18083996580036718,-0.4640000000000227
2020-11-28,nighttime,6,NA,NA,NA
2020-11-29,daytime,6,NA,NA,NA
2020-11-29,nighttime,6,7.94412696794168e-15,0.999999999999988,-1.1959185824160189e-14
2020-11-30,daytime,6,NA,NA,NA
2020-11-30,nighttime,6,NA,NA,NA
2021-04-01,daytime,6,0.42640143271122294,0.39916161754327717,0.7272727272726756
2021-04-01,nighttime,6,NA,NA,1.5822428573223345e-14
2021-04-02,daytime,6,0.383859011445576,0.45249186186741,0.05893909626717434
2021-04-02,nighttime,6,0.12247448713915954,0.8172068279448044,0.012500000000019718
2021-04-03,daytime,6,0.14907119849998443,0.7780495489000232,0.07407407407402197
2021-04-03,nighttime,6,0.5921958518145226,0.21554655885930424,2.642857142857251
2021-04-04,daytime,6,-0.2718301411097808,0.6022977738443109,-0.024630541871929014
2021-04-04,nighttime,6,0.9440137866895278,0.004613940957891265,4.124999999999854
2021-04-05,daytime,6,0.05002843332615525,0.9250199566963857,0.1126279863481222
2021-04-05,nighttime,6,0.7866285847760308,0.06343392254566524,3.999999999999917
2021-04-06,daytime,6,0.03153601103312693,0.952711665047028,0.1076923076922265
2021-04-06,nighttime,6,0.3948684640755898,0.4384814672978252,1.9801980198019857
2021-04-07,daytime,6,0.1133406278951774,0.8307170505600233,0.24324324324325988
2021-04-07,nighttime,6,0.9021446866444682,0.013894978807847536,3.465648854961853
2021-04-08,daytime,6,-0.2302418127671398,0.6607399888727605,-0.5416666666665768
2021-04-08,nighttime,6,0.8332826846492396,0.039375069038608,5.064516129032064
2021-04-09,daytime,6,-0.8578092300582747,0.02888990080205684,-1.3384615384615155
2021-04-09,nighttime,6,0.3429971702850177,0.5056805487068863,0.1250000000000026
2021-04-10,daytime,6,-0.0919277119553839,0.8624968590188483,-0.014084507042266272
2021-04-10,nighttime,6,0.8107216730052375,0.05034885795466686,2.7572254335259743
2021-04-11,daytime,6,0.32950178841916694,0.5236345573140047,0.02857142857142359
2021-04-11,nighttime,6,-0.5744849896214251,0.2330720188057207,-0.5555555555555453
2021-04-12,daytime,6,NA,NA,5.49621203069356e-15
2021-04-12,nighttime,6,-0.6537204504606148,0.15910318124510703,-0.5769230769229731
2021-04-13,daytime,6,-0.015272850213357425,0.9770925059521303,-0.04878048780492792
2021-04-13,nighttime,6,-0.31622776601683794,0.5414697392755848,-0.06249999999999921
2021-04-14,daytime,6,0.20000000000000004,0.704,0.20000000000011633
2021-04-14,nighttime,6,-0.5370861555295751,0.2718351160608646,-0.46153846153849987
2021-04-15,daytime,6,0.6425544107473805,0.16881608618959865,1.3851674641148377
2021-04-15,nighttime,6,-0.883883476483185,0.019441768276467118,-0.46875000000001366
2021-04-16,daytime,6,0.7837689821348818,0.06507874677840222,0.4418604651162567
2021-04-16,nighttime,6,0.14467284665111185,0.7845047481859599,0.13953488372100076
2021-04-17,daytime,6,NA,NA,-5.021756007402626e-15
2021-04-17,nighttime,6,0.74278135270821,0.09073317168477879,2.666666666666211
2021-04-18,daytime,6,0.8120168273192258,0.04968506585400239,0.45270270270272095
2021-04-18,nighttime,6,-0.8534918135881988,0.030624599653060264,-3.2500000000009606
2021-04-19,daytime,6,-0.19988196588540075,0.7041699733038164,-0.9626168224300561
2021-04-19,nighttime,6,0.563268568904852,0.24445167309136784,10.571428571427678
2021-04-20,daytime,6,-0.9088889505680453,0.012073668408369617,-1.3111702127659526
2021-04-20,nighttime,6,0.6017065178659721,0.20636436631643426,7.178571428571079
2021-04-21,daytime,6,0.9118346689686773,0.011317028298140441,0.5542949756887987
2021-04-21,nighttime,6,0.8757265281493416,0.022206210433380263,17.133333333334072
2021-04-22,daytime,6,-0.8983190227669008,0.01498289081049623,-2.050147492625382
2021-04-22,nighttime,6,0.8553571609822016,0.02986925006078685,8.76649746192856
2021-04-23,daytime,6,-0.924053270406602,0.008432831815275531,-2.0592105263158715
2021-04-23,nighttime,6,0.8015480142042034,0.05516694980209216,1.0792682926829138
2021-04-24,daytime,6,0.3078828870920482,0.5527680669993048,1.9375000000000047
2021-04-24,nighttime,6,0.434923061322849,0.3887500112962359,1.6086956521739162
2021-04-25,daytime,6,-0.7211404447543399,0.10580154811448084,-2.9354838709683695
2021-04-25,nighttime,6,0.93179415288337,0.006819408289333914,5.950000000000157
2021-04-26,daytime,6,-0.6057249557314263,0.20253363392219495,-0.3978896103896098
2021-04-26,nighttime,6,0.7071067811865468,0.11611652351681612,1.124999999999993
2021-04-27,daytime,6,-0.5256034272618758,0.2841961879236417,-0.15674693321217667
2021-04-27,nighttime,6,0.5752888232380083,0.2322647628784029,1.2500000000000202
2021-04-28,daytime,6,0.49954964019424036,0.3130068068537737,0.05847831267873987
2021-04-28,nighttime,6,0.9400943675054104,0.005275535990344286,5.593167701863497
2021-04-29,daytime,6,-0.3832271108276844,0.4533002788869578,-0.044336005576859565
2021-04-29,nighttime,6,0.9289257945910858,0.007397796820922826,3.845786963433983
2021-04-30,daytime,6,0.97485042110915,9.407984066779604e-4,2.1034619976124223
2021-04-30,nighttime,6,0.5070238280415024,0.30463536733090685,8.735294117646133
2021-05-01,daytime,6,0.9722254760063554,0.0011464233048692795,1.9089881288863835
2021-05-01,nighttime,6,0.9582781223030521,0.0025747596670321806,3.827956989247285
2021-05-02,daytime,6,-0.7705527031532641,0.07292934473417526,-0.7014519056261358
2021-05-02,nighttime,6,0.894394316366669,0.016139953740015724,1.1404958677685897
2021-05-03,daytime,6,-0.9578100548032205,0.0026324383421554806,-1.6104783599088792
2021-05-03,nighttime,6,0.8237423701215416,0.04386225208982214,3.0780669144982387
2021-05-04,daytime,6,-0.6870937541488318,0.13154710291289984,-2.782820097244686
2021-05-04,nighttime,6,0.7596132872459544,0.07973319165534713,1.4576271186439858
2021-05-05,daytime,6,-0.6170746541239619,0.19187321047799233,-2.5681381957773772
2021-05-05,nighttime,6,0.0585874925148317,0.9122193118441966,0.16666666666675078
2021-05-06,daytime,6,-0.6724620784232874,0.14335232247305313,-1.740046838407496
2021-05-06,nighttime,6,0.7477690211797673,0.08740717372349795,0.9849397590361516
2021-05-07,daytime,6,0.9759671796640755,8.59424284382042e-4,2.475510204081645
2021-05-07,nighttime,6,0.8818701785712835,0.020107751631628725,2.1308089500860476
2021-05-08,daytime,6,-0.8647312482734382,0.02620890365439597,-5.9062499999999964
2021-05-08,nighttime,6,0.47265995386119564,0.3438079424551256,3.045454545454437
2021-05-09,daytime,6,-0.7168852343018369,0.10888456953757278,-0.4965701219512219
2021-05-09,nighttime,6,0.5435894193044922,0.26492834215402583,5.93548387096836
2021-05-10,daytime,6,-0.4231676619420395,0.4031370078008672,-0.20301639344262604
2021-05-10,nighttime,6,0.28039381172767064,0.5904316598350301,3.8000000000006255
2021-05-11,daytime,6,0.8277666998297659,0.04194187355391735,5.064102564102606
2021-05-11,nighttime,6,0.590877996289343,0.21683163389345286,3.3965517241380594
2021-05-14,daytime,6,0.6462111435329402,0.16560856626674705,2.5974025974028208
2021-05-14,nighttime,6,0.8063304092671246,0.052629794736208275,0.535433070866154
2021-05-15,daytime,6,0.317903348975936,0.539209036384266,0.04438557468822637
2021-05-15,nighttime,6,0.9220779220779282,0.008871209748253412,0.46103896103898045
2021-05-16,daytime,6,0.03735262819652852,0.9439971152503717,0.008285891437910536
2021-05-16,nighttime,6,0.2850334182303708,0.5840285072255279,0.34782608695651046
2021-05-17,daytime,6,-0.9332644801877898,0.006531836763551622,-2.7864768683273646
2021-05-17,nighttime,6,0.9822994862575033,4.671894221898832e-4,0.6111111111111175
2021-05-18,daytime,6,0.8496882543138319,0.03219238803806927,1.4485981308411249
2021-05-18,nighttime,6,-0.12038585308577089,0.8202935816255884,-0.11111111111111557
2021-05-19,daytime,6,0.961103816065941,0.0022399464133622516,1.5586494953010994
2021-05-19,nighttime,6,0.8299268342142947,0.04092764947847762,0.7157894736842055
2021-05-20,daytime,6,0.8950985972313339,0.01592927297532059,1.3427991886409825
2021-05-20,nighttime,6,0.7127959937933012,0.11188403666988336,1.2727272727271925
2021-05-21,daytime,6,0.741727565534535,0.09144298938197969,0.7221911682504196
2021-05-21,nighttime,6,0.7836938848968359,0.0651222016119207,0.5093167701863237
2021-05-22,daytime,6,0.6128104372194563,0.1958507279840432,0.6538699690402574
2021-05-22,nighttime,6,0.9271033853464278,0.007777191382852265,0.8757763975155197
2021-05-23,daytime,6,0.7678277698534233,0.07459841717838224,0.6434169278996872
2021-05-23,nighttime,6,0.946323937735167,0.004244355911249114,0.9482071713147311
2021-05-24,daytime,6,0.7831536813409873,0.06543517973911833,1.1712740384615534
2021-05-24,nighttime,6,0.9918877057594013,9.844704449400536e-5,0.999035679845696
2021-05-25,daytime,6,-0.5872881369283793,0.22034779380095806,-0.6326546117611339
2021-05-25,nighttime,6,0.6764543529508416,0.1400880105384472,0.6111111111111207
2021-05-26,daytime,6,-0.8016938542196648,0.05508876412187621,-0.4654377880184334
2021-05-26,nighttime,6,0.9712296009078628,0.0012296966503073355,2.3995749202975256
2021-05-29,daytime,6,-0.020991520666095505,0.9685173438940419,-0.013672922252012793
2021-05-29,nighttime,6,0.9409153978303657,0.005133353436343263,1.0405405405405141
2021-05-30,daytime,6,0.9829628357072516,4.3292480474036886e-4,1.1991240875912563
2021-05-30,nighttime,6,0.9752914253683399,9.082280293225413e-4,0.8787483702737966
2021-05-31,daytime,6,-0.12484498483734252,0.8137054565798179,-0.13267626990144646
2021-05-31,nighttime,6,0.9641476598976724,0.0019050433112842255,1.0595155709342576
2021-06-01,daytime,6,-0.002215531028806923,0.9966767088943427,-0.001379310344833186
2021-06-01,nighttime,6,0.959106449054622,0.002474230978396506,0.859459459459457
2021-06-02,daytime,6,-0.21141201811202184,0.6876065072831867,-0.4146341463414686
2021-06-02,nighttime,6,0.8269785108465944,0.04231483022014683,1.0874125874125096
2021-06-03,daytime,6,0.440852797308996,0.38156093667888763,0.427004538577914
2021-06-03,nighttime,6,0.7950842598493894,0.05868343768959924,0.9650349650349372
2021-06-04,daytime,6,-0.07280946656337461,0.8909787895976314,-0.0488301119023435
2021-06-04,nighttime,6,0.8204165440039658,0.045479523728544115,1.1304347826087129
2021-06-05,daytime,6,-0.29096674587506227,0.5758667431812552,-0.13793965660943927
2021-06-05,nighttime,6,0.9079893894781794,0.012309449946175126,1.1770833333333226
2021-06-06,daytime,6,-0.9429168965313518,0.004794718956898229,-0.7252646111366822
2021-06-06,nighttime,6,0.9381853883233684,0.005613471081056246,1.1770736253494603
2021-06-07,daytime,6,-0.4449395490918011,0.37663328511479727,-0.2346575822854581
2021-06-07,nighttime,6,0.8013547084632586,0.055270660954969054,1.3189655172413768
2021-06-08,daytime,6,0.26690056917295896,0.6091555992132656,0.1256942572121835
2021-06-08,nighttime,6,0.937524913301711,0.005732780292634988,2.957746478873186
2021-06-09,daytime,6,-0.5525442777835811,0.2555308981172156,-0.19880337231439216
2021-06-09,nighttime,6,0.8910529426960041,0.01715762050285238,2.8374999999999764
2021-06-10,daytime,6,0.8585892732753495,0.02858159574822989,0.4453299640392681
2021-06-10,nighttime,6,0.1077052907035738,0.839066777768269,0.18947368421043542
2021-06-11,daytime,6,0.4395251613293981,0.3831665136137923,0.3599013968775642
2021-06-11,nighttime,6,0.9155007445636537,0.010408518665931019,3.644295302013337
2021-06-12,daytime,6,0.9469147015489096,0.004152274883699888,1.604732350659434
2021-06-12,nighttime,6,0.9587027940315762,0.0025229734808415935,1.4906832298136214
2021-06-13,daytime,6,0.9929274621256291,7.48543010037079e-5,1.537110481586407
2021-06-13,nighttime,6,0.9818260087797591,4.924395555739325e-4,1.7686567164178792
2021-06-14,daytime,6,-0.10934752692798903,0.8366324373268568,-0.2380952380952445
2021-06-14,nighttime,6,0.9749261749377272,9.351631393028891e-4,1.661764705882348
2021-06-15,daytime,6,0.9829175992398541,4.3522022944400416e-4,1.5006906077348177
2021-06-15,nighttime,6,0.9612690954018298,0.0022210746712694155,1.91915641476269
2021-06-16,daytime,6,0.8620932671476998,0.02721602691809688,1.5483955126533182
2021-06-16,nighttime,6,0.9606359209102003,0.0022937981589239895,2.1409455842997
2021-06-17,daytime,6,0.9950857126644909,3.6165989463731554e-5,1.5981143193871543
2021-06-17,nighttime,6,0.9885071158662116,1.9737055180570206e-4,2.132376395534244
2021-06-18,daytime,6,-0.3077859015643284,0.552899759474819,-0.17820542017764116
2021-06-18,nighttime,6,0.903562769228334,0.013501769369793297,2.6561743341403603
2021-06-19,daytime,6,0.7817997975593731,0.06622259177600849,8.217391304348613
2021-06-19,nighttime,6,0.9578004199101542,0.0026336322373170062,5.723404255319108
2021-06-20,daytime,6,-0.2684396183988897,0.6070124288642328,-0.5889464594128039
2021-06-20,nighttime,6,0.6191216388163073,0.18997579589026886,0.8076923076923315
2021-06-21,daytime,6,-0.5785824116398228,0.22896881434373823,-0.12423016012669462
2021-06-21,nighttime,6,0.9164792028580383,0.010172276336855742,10.099999999999257
2021-06-22,daytime,6,0.9751536279848818,9.183439464608127e-4,2.685628742514985
2021-06-22,nighttime,6,0.5685785754425933,0.23903763162494598,0.98181818181819
2021-06-23,daytime,6,0.9613165791003149,0.0022156675068286946,2.681651376146819
2021-06-23,nighttime,6,0.8588360586870569,0.02848438232800552,2.108910891088811
2021-06-24,daytime,6,0.7710501596030263,0.07262649439213502,0.8050000000000337
2021-06-24,nighttime,6,0.9486441816133026,0.003888406689876564,1.2879177377891633
2021-06-25,daytime,6,0.9862619539596351,2.81804445945118e-4,3.168685121107284
2021-06-25,nighttime,6,0.9708404509970932,0.0012630220666505236,1.826347305389102
2021-06-26,daytime,6,0.9337543814964606,0.006437364105147227,2.4637964774951224
2021-06-26,nighttime,6,0.9171918424803015,0.010001870753470853,1.9999999999999785
2021-06-27,daytime,6,-8.036106875521814e-4,0.9987945842281536,-2.773668639094655e-4
2021-06-27,nighttime,6,0.9527607006148325,0.003294618647112026,1.4764397905758435
2021-06-28,daytime,6,0.5201307447164111,0.29016092631693824,0.261207164302723
2021-06-28,nighttime,6,0.91074667706215,0.011593730551527784,1.549618320610698
2021-06-29,daytime,6,0.6242860192260802,0.1852234132771898,0.2103348568230555
2021-06-29,nighttime,6,0.9728363252224902,0.0010967762755938707,1.000000000000003
2021-06-30,daytime,6,-0.3831709051083525,0.4533722074694414,-0.36949685534591625
2021-06-30,nighttime,6,0.9931938144410546,6.932859737344518e-5,1.1851400730815917
2021-07-01,daytime,6,-0.18876390029442763,0.7202171492785646,-0.08242763370279196
2021-07-01,nighttime,6,0.817543314967245,0.04689863103233926,1.2613065326632984
2021-07-02,daytime,6,0.9841577635397757,3.744766699110523e-4,2.6523042337955127
2021-07-02,nighttime,6,0.9684501488354453,0.001477387410546539,2.466063348416139
2021-07-03,daytime,6,0.938525117250047,0.005552580067568789,1.5705128205128436
2021-07-03,nighttime,6,0.9864644586331802,2.7357639091616005e-4,2.0543478260867856
2021-07-04,daytime,6,0.6368673331236262,0.17385569547203178,2.600000000000449
2021-07-04,nighttime,6,0.9723756869722228,0.0011341139118671848,1.7772828507794356
2021-07-05,daytime,6,0.8737793001479393,0.022892044649171796,0.26587425711604534
2021-07-05,nighttime,6,0.9609500989860847,0.0022575686588979867,2.6098418277679443
2021-07-06,daytime,6,-0.27758240407678764,0.5943205323425227,-0.2069081153588244
2021-07-06,nighttime,6,0.993429736563987,6.461072867394522e-5,1.6630901287553574
2021-07-07,daytime,6,-0.1666603257738367,0.7523240619602435,-0.11892316761642956
2021-07-07,nighttime,6,0.9857818036655216,3.017985057897536e-4,2.1620947630923055
2021-07-08,daytime,6,0.9949001078603581,3.8947028462055045e-5,1.6770416904625955
2021-07-08,nighttime,6,0.9486128259923272,0.0038931149226979268,2.4897360703811997
2021-07-09,daytime,6,-0.4874957386640468,0.32668358385502455,-0.46464458503907913
2021-07-09,nighttime,6,0.9720843025269152,0.00115805208969393,2.214750542299241
2021-07-10,daytime,6,0.9804579360274771,5.691069149294241e-4,2.8618090452261438
2021-07-10,nighttime,6,0.902987106755355,0.01366073369054866,1.4919354838709438
2021-07-11,daytime,6,-0.8458679026694054,0.03380421987881896,-0.4407894736842142
2021-07-11,nighttime,6,0.9598745606212475,0.0023827743284087406,1.3236994219651728
2021-07-12,daytime,6,5.287706037358777e-4,0.999206844168318,2.1710811983883648e-4
2021-07-12,nighttime,6,0.9619841917934769,0.0021403322555711463,2.2080536912751407
2021-07-13,daytime,6,-0.05212519254900243,0.9218830241809638,-0.035921545581434254
2021-07-13,nighttime,6,0.8693940397646123,0.0244729424686715,1.5384615384614804
2021-07-14,daytime,6,-0.02709557874382719,0.9593665782700317,-0.26923076923237316
2021-07-14,nighttime,6,0.7383503845211836,0.0937344473860952,2.5999999999998393
2021-07-15,daytime,6,0.3507462159757038,0.49545558576983917,0.905472636815952
2021-07-15,nighttime,6,0.2714381854577381,0.6028423265734031,0.42400000000002863
2021-07-16,daytime,6,-0.5505025969728965,0.2576618663786523,-0.4423076923076961
2021-07-16,nighttime,6,0.9701245210591615,0.0013254837695647395,2.2999999999999505
2021-07-17,daytime,6,-0.1961894731630619,0.7094914870149798,-0.13381962864721964
2021-07-17,nighttime,6,0.9021098377265537,0.0139047103543778,2.241610738254887
2021-07-18,daytime,6,0.99431578688193,4.837358890223772e-5,3.2199434229137265
2021-07-18,nighttime,6,0.5652710313374522,0.24240435772746652,1.4228187919463557
2021-07-19,daytime,6,0.9966582172292051,1.6732608431029552e-5,2.7671794871795043
2021-07-19,nighttime,6,0.9851963640900914,3.270993633216399e-4,1.0334572490706375
2021-07-20,daytime,6,0.5046577453493076,0.3072763579497752,14.399999999999444
2021-07-20,nighttime,6,0.6451791670811053,0.16651114991615842,1.857142857142676
2021-07-21,daytime,6,0.7259261663376021,0.10238097050281766,2.123036649214706
2021-07-21,nighttime,6,0.886517564007355,0.0185866665741193,1.123674911660737
2021-07-22,daytime,6,0.9154328176178788,0.010425016820836264,2.857142857142869
2021-07-22,nighttime,6,0.9489544666420318,0.0038419664066494295,1.590909090909035
2021-07-23,daytime,6,0.955220647202788,0.0029628900904051696,1.9993666877770806
2021-07-23,nighttime,6,0.9598500351470954,0.0023856682498334977,1.9793814432989283
2021-07-24,daytime,6,0.22372997634011213,0.6700044489179431,0.21990309355198678
2021-07-24,nighttime,6,0.9881645790815133,2.0928684623421794e-4,2.6733944954127353
2021-07-25,daytime,6,0.2449298336269519,0.6399519962639062,0.3291415372770356
2021-07-25,nighttime,6,0.9598529889219332,0.002385319622842224,2.5937499999999205
2021-07-26,daytime,6,0.0436034102914392,0.9346363352158432,0.022652555730688747
2021-07-26,nighttime,6,0.9603328337786595,0.002329018286851898,2.6552901023888773
2021-07-27,daytime,6,0.8061712757791872,0.052713330168353036,4.02183406113556
2021-07-27,nighttime,6,0.9779483156032804,7.240535660055999e-4,3.3895071542130584
2021-07-28,daytime,6,0.850265515392211,0.031952069112841375,2.67256637168154
2021-07-28,nighttime,6,0.937642761404004,0.0057114020788316035,3.6812339331619355
2021-07-29,daytime,6,0.8893477103135841,0.017688484418189824,4.699646643109478
2021-07-29,nighttime,6,0.9784859615860355,6.893018455739075e-4,2.490322580645126
2021-07-30,daytime,6,0.987214245940812,2.4416818148034536e-4,3.3712212817412848
2021-07-30,nighttime,6,0.9855617067631252,3.1119153296087123e-4,2.2441651705565633
2021-07-31,daytime,6,0.7267529104969358,0.10179510137364507,1.3542227662178838
2021-07-31,nighttime,6,0.9667300818364771,0.0016419181543957518,2.3745222929935954
2021-08-01,daytime,6,0.9572390845807581,0.0027036497522426074,2.3652561247216197
2021-08-01,nighttime,6,0.95353132956429,0.0031888352306723732,2.3859649122806434
2021-08-02,daytime,6,0.9406455767433757,0.005179870079892439,3.12334801762116
2021-08-02,nighttime,6,0.994424883241179,4.653624762602358e-5,1.4685714285713776
2021-08-03,daytime,6,0.9015129358558107,0.014071905128750178,4.924438393464918
2021-08-03,nighttime,6,0.9617635677666715,0.002165085819763733,2.2893481717011244
2021-08-04,daytime,6,-0.5525590293822932,0.25551552650873355,-6.179487179487469
2021-08-04,nighttime,6,0.8869171740239357,0.01845855222568851,1.6153846153846143
2021-08-05,daytime,6,NA,NA,NA
2021-08-05,nighttime,6,0.5589442199172626,0.24889596690889196,1.304347826087018
2021-08-06,daytime,6,0.8852710418738736,0.01898902737970072,4.081632653061429
2021-08-06,nighttime,6,0.8803588214912171,0.020614744784250343,0.6095444685466248
2021-08-07,daytime,6,0.10638902184981164,0.841018555891718,0.1173184357541781
2021-08-07,nighttime,6,0.7502344849205315,0.08578368113342277,1.5384615384615976
2021-08-08,daytime,6,0.32604067385589025,0.5282684620072448,1.0630252100841253
2021-08-08,nighttime,6,0.9362816758985403,0.00596068825057696,0.6818181818181782
2021-08-09,daytime,6,-0.27797954562044647,0.5937707865493871,-0.3066630987423044
2021-08-09,nighttime,6,0.32840574013568474,0.5251007235455352,0.3620689655172797
2021-08-10,daytime,6,-0.5733259208583699,0.23423798243389374,-0.5586633663366429
2021-08-10,nighttime,6,-0.5317722580152349,0.27752935368939396,-1.071428571428505
2021-08-11,daytime,6,-0.2465450380535026,0.6376754959025019,-0.23560393258428244
2021-08-11,nighttime,6,0.6797704848608108,0.13740113473294008,1.4871794871794506
2021-08-12,daytime,6,-0.11631752426636283,0.8263105880692235,-0.09340204288212302
2021-08-12,nighttime,6,0.9469848831699014,0.004141401705830942,2.054298642533907
2021-08-13,daytime,6,0.8719481609562054,0.023546059711377857,3.25931928687198
2021-08-13,nighttime,6,0.9463918547326264,0.004233719423636272,2.407079646017602
2021-08-14,daytime,6,0.9889785208682124,1.8154009729894548e-4,3.229642395519283
2021-08-14,nighttime,6,0.8873032359853411,0.01833518488757574,2.2499999999998956
2021-08-15,daytime,6,9.333099843650735e-15,0.999999999999986,2.4928565851028042e-15
2021-08-15,nighttime,6,0.9450744720595814,0.004442370388925195,3.2446808510638214
2021-08-16,daytime,6,-0.53099424405359,0.2783668450173951,-0.7142857142856991
2021-08-16,nighttime,6,0.907424520129064,0.012458633119829537,4.368421052631326
2021-08-17,daytime,6,0.1727424635085967,0.7434636187254366,0.11409395973151902
2021-08-17,nighttime,6,0.7483943652944719,0.08699409602644775,4.306930693069353
2021-08-18,daytime,6,-0.9460837363883227,0.004282078918067519,-4.012658227848027
2021-08-18,nighttime,6,NA,NA,NA
2021-08-19,daytime,6,0.9557577486370048,0.0028927658301754816,7.97727272727267
2021-08-19,nighttime,6,0.8072831006822694,0.05213097105901002,3.743589743589681
2021-08-20,daytime,6,0.9509507714637468,0.0035497382552459344,3.471172962226689
2021-08-20,nighttime,6,0.8881716301507371,0.018059136901398775,0.5754716981132151
2021-08-21,daytime,6,0.9427297202691917,0.004825907446655474,3.832412523020283
2021-08-21,nighttime,6,0.9449705986507784,0.0044590315393295225,1.7874999999999965
2021-08-22,daytime,6,0.9699454660570791,0.001341338761057449,3.885514018691601
2021-08-22,nighttime,6,0.828286847179883,0.041696594190816276,4.1132075471699565
2021-08-23,daytime,6,-0.3361130011679542,0.5148161687542853,-0.6994106090373351
2021-08-23,nighttime,6,0.9527336527253771,0.0032983623245545724,6.128571428571384
2021-08-24,daytime,6,0.9846632688325729,3.5101926726598977e-4,1.2430278884462784
2021-08-24,nighttime,6,0.8725660291861982,0.023324398685318517,5.155172413793096
2021-08-25,daytime,6,0.939937339599302,0.0053029460419582505,5.423076923077149
2021-08-25,nighttime,6,0.954565579685493,0.0030495349926073375,3.9199999999996904
2021-08-26,daytime,6,-0.8891317246217593,0.017756277808753874,-5.538461538461441
2021-08-26,nighttime,6,0.7030460100753355,0.11917955850932715,4.118421052631529
2021-08-27,daytime,6,0.6633249580710884,0.15094405366901048,1.4999999999998919
2021-08-27,nighttime,6,0.8101942203619874,0.05062035726161396,6.2413793103447235
2021-08-28,daytime,6,0.9345996544845792,0.006275942441555822,1.3121387283238333
2021-08-28,nighttime,6,0.7518509221009643,0.08472668969349269,2.1271186440678838
2021-08-29,daytime,6,0.8468261737805035,0.03339643247402656,0.9285714285715174
2021-08-29,nighttime,6,0.8951536786174527,0.015912851903433455,1.653846153846136
2021-08-30,daytime,6,-0.4773068133214047,0.338410227277816,-1.0419763882816249
2021-08-30,nighttime,6,0.9194458928633954,0.009472089907120637,2.07692307692286
2021-08-31,daytime,6,-0.9512902929893388,0.00350116814418285,-13.01818181818078
2021-08-31,nighttime,6,0.6147759276016995,0.1940132177348402,3.480519480519561
2021-09-01,daytime,6,-0.25370863886665285,0.6276024098489243,-2.4999999999996914
2021-09-01,nighttime,6,0.7692232233241739,0.0737415353489614,2.0559999999999645
2021-09-02,daytime,6,0.4019566505684071,0.4295369211181752,0.843749999999986
2021-09-02,nighttime,6,0.18827456362817593,0.720925068092019,0.36206896551732937
2021-09-03,daytime,6,-0.05252821422865623,0.9212801469304168,-0.42500000000004867
2021-09-03,nighttime,6,0.18599681972484364,0.7242220333783574,0.26244343891410454
2021-09-04,daytime,6,0.37186694642697377,0.46791139550830246,0.2961859356376594
2021-09-04,nighttime,6,0.32614681992361055,0.5281261738083971,0.31506849315065977
2021-09-05,daytime,6,0.2181415884490504,0.677977833157486,0.18029236599891407
2021-09-05,nighttime,6,0.9631562193707854,0.0020111892005153704,1.7669902912620075
2021-09-06,daytime,6,0.840050339372372,0.03632977332613036,6.785714285714294
2021-09-06,nighttime,6,0.542509177337717,0.2660708557962342,0.974683544303868
2021-09-07,daytime,6,0.24187740186546886,0.6442593769011493,1.5762711864407126
2021-09-07,nighttime,6,0.7743094092022176,0.07065644879956282,1.3275862068965594
2021-09-08,daytime,6,0.0795982394099297,0.880854803320405,0.04390826157387233
2021-09-08,nighttime,6,0.6725382459813659,0.1432897420421983,8.399999999994305
2021-09-09,daytime,6,0.9690402718770064,0.0014229196247030663,12.270072992701458
2021-09-09,nighttime,6,NA,NA,NA
2021-09-10,daytime,6,-1.2436973660861984e-14,0.9999999999999813,-1.116728261238951e-13
2021-09-10,nighttime,6,0.9345498695343225,0.006285394364332911,2.1999999999998545
2021-09-11,daytime,6,NA,NA,NA
2021-09-11,nighttime,6,0.7847849263290309,0.06449217680938531,0.4751131221718814
2021-09-12,daytime,6,0.7307981486470347,0.09894997496486461,0.6428571428572107
2021-09-12,nighttime,6,0.24886198457340547,0.6344133191114053,0.3571428571427093
2021-09-13,daytime,6,0.09424981993376881,0.8590438820203545,0.34782608695650524
2021-09-13,nighttime,6,-0.05864983750874877,0.9121261156932801,-0.09090909090882378
2021-09-14,daytime,6,-0.033752446135798565,0.9493905566557449,-0.028001697072555013
2021-09-14,nighttime,6,0.726960472427164,0.10164824736023673,1.6428571428573615
2021-09-15,daytime,6,-0.08223914587801842,0.8769193842495989,-0.12383177570095055
2021-09-15,nighttime,6,0.575576531451971,0.2319761006699156,1.1250000000000748
2021-09-16,daytime,6,0.7834551536745792,0.0652604309172051,5.497109826589692
2021-09-16,nighttime,6,0.4596385597769213,0.35909552932513783,2.9999999999970934
2021-09-17,daytime,6,0.4561244660563783,0.3632615409736361,4.111675126904046
2021-09-17,nighttime,6,0.6618494646872378,0.1521856326732825,1.7435897435899745
2021-09-18,daytime,6,0.9751327692448963,9.198800594409405e-4,6.1981132075475465
2021-09-18,nighttime,6,-0.17258978545253875,0.7436858079875063,-1.3999999999984338
2021-09-19,daytime,6,-0.4092828683344441,0.4203556888453242,-0.8406747891284004
2021-09-19,nighttime,6,-0.3098386676965928,0.5501142545045472,-0.6666666666667117
2021-09-20,daytime,6,0.1696243574623778,0.74800371565829,1.0897959183673354
2021-09-20,nighttime,6,0.9174020592170886,0.009951870818156596,3.6666666666663605
2021-09-21,daytime,6,-0.9913327013577939,1.1235754594052878e-4,-7.94999999999971
2021-09-21,nighttime,6,NA,NA,NA
2021-09-22,daytime,6,-0.4046076849426734,0.42620710434087783,-0.4271570014144539
2021-09-22,nighttime,6,NA,NA,NA
2021-09-23,daytime,6,0.579199049195343,0.22835382429834805,2.853658536585274
2021-09-23,nighttime,6,0.6008874335078479,0.20714877296631753,0.6184210526315993
2021-09-24,daytime,6,-0.09259344197210959,0.8615067640855364,-0.642857142857844
2021-09-24,nighttime,6,-0.08034113258764855,0.8797475899757907,-0.06382978723403299
2021-09-25,daytime,6,-0.48895798861584727,0.32501303416450256,-14.200000000002438
2021-09-25,nighttime,6,-0.14237536372502949,0.7878799817013852,-0.0631970260222852
2021-09-26,daytime,6,0.5111986324432476,0.29999629773450764,0.35714285714280686
2021-09-26,nighttime,6,0.2519763153394868,0.6300347750967854,0.1111111111111198
2021-09-27,daytime,6,-0.9310813888922946,0.00696098848896687,-5.5806451612903665
2021-09-27,nighttime,6,0.6584653691241172,0.15504954823342984,0.6000000000000102
2021-09-28,daytime,6,-0.5888417075319842,0.21882332286551812,-0.9921414538310585
2021-09-28,nighttime,6,0.7794228634059962,0.06761539965057788,1.3499999999999848
2021-09-29,daytime,6,0.7253435720759318,0.10279471788542396,2.243243243243219
2021-09-29,nighttime,6,NA,NA,NA
2021-09-30,daytime,6,0.7322572775534384,0.09793252358857756,4.389473684210702
2021-09-30,nighttime,6,0.8142879300381973,0.048530950117449456,1.250000000000013
2021-10-01,daytime,6,-0.07843414196947686,0.8825900471183837,-0.4666666666671585
2021-10-01,nighttime,6,0.8317838506604874,0.04006503067085757,5.068965517241754
2021-10-02,daytime,6,-0.29038573685942787,0.5766646201692948,-0.42677622039631796
2021-10-02,nighttime,6,0.6520899009630825,0.16050638634862988,1.0973451327432047
2021-10-03,daytime,6,-0.6206348143018442,0.18857818738154256,-0.3152069297401429
2021-10-03,nighttime,6,0.7786585569201576,0.06806606783751405,2.066666666666421
2021-10-04,daytime,6,-0.8963830137933526,0.01554847890456788,-14.428571428570873
2021-10-04,nighttime,6,NA,NA,NA
2021-10-05,daytime,6,-0.1501288605638794,0.7764985619354168,-0.6698113207547512
2021-10-05,nighttime,6,NA,NA,NA
2021-10-06,daytime,6,-0.30864152173750237,0.5517382496390798,-0.3775743707094036
2021-10-06,nighttime,6,NA,NA,NA
2021-10-07,daytime,6,-0.45823196224475116,0.36076103559662953,-2.516129032258169
2021-10-07,nighttime,6,-0.5767430838826787,0.23080714555656615,-0.9076923076921386
2021-10-08,daytime,6,-0.9879755146408643,2.160130725915986e-4,-9.33333333333325
2021-10-08,nighttime,6,NA,NA,NA
2021-10-09,daytime,6,NA,NA,NA
2021-10-09,nighttime,6,-0.2157439559882295,0.6814050162661087,-0.1279999999999529
2021-10-10,daytime,6,-0.48491756308396416,0.3296366359823891,-3.6493506493510806
2021-10-10,nighttime,6,0.9255159039043857,0.008115206421975659,2.785714285714271
2021-10-11,daytime,6,-0.3228149387213183,0.5325977811206377,-3.827586206897296
2021-10-11,nighttime,6,-0.331831824197987,0.5205216562712236,-0.6999999999998782
2021-10-12,daytime,6,-0.46324105461206855,0.3548423938986403,-3.333333333333428
2021-10-12,nighttime,6,NA,NA,NA
2021-10-13,daytime,6,0.7421886148352983,0.09113212815327328,1.7784810126582051
2021-10-13,nighttime,6,0.5554920598635317,0.2524663994407903,2.2500000000003255
2021-10-14,daytime,6,0.804405730638591,0.0536442407687472,2.3598971722365136
2021-10-14,nighttime,6,NA,NA,NA
2021-10-15,daytime,6,-0.38995522993247494,0.4447164419828868,-1.6875000000001097
2021-10-15,nighttime,6,0.42691510767486557,0.3985313671041673,1.5000000000002505
2021-10-16,daytime,6,-0.885920716381534,0.018778805796358464,-5.545454545454052
2021-10-16,nighttime,6,0.8838773234267775,0.019443787298296565,1.2126696832579145
2021-10-17,daytime,6,-0.22259317467106565,0.6716247302966023,-1.1759999999999855
2021-10-17,nighttime,6,-0.19030686163759225,0.7179858509524932,-0.28205128205112956
2021-10-18,daytime,6,-0.9195587176978517,0.009445940126946367,-1.127450980392164
2021-10-18,nighttime,6,0.8316538596479811,0.04012513404554118,2.8085106382977076
2021-10-19,daytime,6,-0.8767140075192122,0.021862215140332146,-0.49411764705883987
2021-10-19,nighttime,6,0.4793012932694013,0.3361029383768408,0.11486486486487041
2021-10-20,daytime,6,-0.42470148667638336,0.4012497608262626,-0.30769230769232214
2021-10-20,nighttime,6,0.5401789639276118,0.268541858876136,0.6666666666666899
2021-10-21,daytime,6,-0.248685888039162,0.6346611163941069,-0.26623376623375983
2021-10-21,nighttime,6,-0.8620689655172412,0.02722538849481329,-0.8620689655171403
2021-10-22,daytime,6,-0.13212564981043734,0.8029647963947806,-0.056585365853673276
2021-10-22,nighttime,6,NA,NA,NA
2021-10-23,daytime,6,0.485642931178626,0.32880481681444457,0.5660377358490505
2021-10-23,nighttime,6,-0.5487954724560279,0.2594489330505125,-1.3333333333333508
2021-10-24,daytime,6,-0.8156012218128446,0.047869316621573725,-0.9441624365481897
2021-10-24,nighttime,6,-0.3058146583677375,0.5555783042389406,-0.5544554455444748
2021-10-25,daytime,6,-0.9305983668802821,0.007057740528709528,-0.3294038396766597
2021-10-25,nighttime,6,NA,NA,NA
2021-10-26,daytime,6,-0.3779644730092273,0.460050752843961,-1.1428571428573955
2021-10-26,nighttime,6,0.42426406871192757,0.40178766311618197,1.7999999999998546
2021-10-27,daytime,6,-0.4413570921507353,0.380951678105558,-0.819004524886952
2021-10-27,nighttime,6,0.18725633517971108,0.7223985628472206,0.1090909090909116
2021-10-28,daytime,6,-0.6229780854213546,0.18642229729151266,-1.7120000000000384
2021-10-28,nighttime,6,-0.3396831102433804,0.5100724371489711,-0.23076923076916894
2021-10-29,daytime,6,-0.5380396050940276,0.27081822481007395,-0.40343347639484584
2021-10-29,nighttime,6,-0.8596111316810192,0.028180087007946473,-2.199999999999966
2021-10-30,daytime,6,-0.7114716383645143,0.11286312988737578,-1.3225806451612727
2021-10-30,nighttime,6,NA,NA,NA
2021-10-31,daytime,6,-0.0652791209833993,0.9022204075610873,-0.13636363636379142
2021-10-31,nighttime,6,0.8006002804785936,0.05567628105369459,0.9285714285714254
2021-11-01,daytime,6,-0.2668472041085345,0.6092299456862617,-0.6764705882353003
2021-11-01,nighttime,6,-0.34407740661800335,0.5042514251493095,-0.42281879194629607
2021-11-02,daytime,6,0.4125684985035145,0.416259464883325,0.5000000000000359
2021-11-02,nighttime,6,0.1533050079100641,0.7718440078946862,0.4310344827586603
2021-11-03,daytime,6,-0.9199353193217099,0.009358908201497134,-6.399999999999162
2021-11-03,nighttime,6,-0.08382305823948115,0.8745598958312718,-0.3235294117643909
2021-11-04,daytime,6,-0.42987309118472783,0.3949086754502421,-1.7999999999999807
2021-11-04,nighttime,6,0.8765841455883057,0.021907307045715634,3.2178217821781656
2021-11-05,daytime,6,-0.6757246285173463,0.14068226486661992,-0.10377358490565647
2021-11-05,nighttime,6,0.739634249835292,0.09286034652554012,1.9999999999999027
2021-11-06,daytime,6,0.8154904233293437,0.04792497374850032,2.2500000000002074
2021-11-06,nighttime,6,-0.49050388317112065,0.32325033544657955,-0.44999999999997026
2021-11-08,daytime,6,-0.41775498892200474,0.40982065627533015,-0.2115384615384564
2021-11-08,nighttime,6,-0.26021980520701443,0.6184805992853679,-0.41348973607037204
2021-11-09,daytime,6,-0.16885505178119622,0.7491246223535986,-0.1758241758241878
2021-11-09,nighttime,6,-0.040996003084548385,0.93854044579593765,-0.014285714285733164
2021-11-10,daytime,6,-0.64352139805359,0.1679653759513203,-1.5188679245282934
2021-11-10,nighttime,6,0.695701085237043,0.12480803477179965,0.687499999999984
2021-11-11,daytime,6,-0.5293557500356775,0.2801337500614393,-1.3875598086124519
2021-11-11,nighttime,6,0.8219949365267868,0.04470858727968043,2.499999999999617
2021-11-12,daytime,6,-0.5139015353809018,0.29700705546547085,-1.4363636363636298
2021-11-12,nighttime,6,-0.6614378277661478,0.15253278317462304,-14.000000000005052
2021-11-13,daytime,6,0.2557719740951639,0.6247082509591693,0.710526315789511
2021-11-13,nighttime,6,-0.053760333057047964,0.9194371887569961,-0.2500000000003799
2021-11-14,daytime,6,-0.08091133940625833,0.8788978397921059,-0.10256410256408033
2021-11-14,nighttime,6,-0.49301257198087334,0.32039730405664135,-0.29310344827583107
2021-11-15,daytime,6,-0.15199740977033996,0.7737596995790207,-0.18571428571425952
2021-11-15,nighttime,6,0.39460207366896183,0.4388187911009807,1.3275862068964703
2021-11-16,daytime,6,-0.7204013427057021,0.10633424402376883,-0.7935943060498554
2021-11-16,nighttime,6,-0.47633051162247486,0.3395417275822847,-0.21428571428571827
2021-11-17,daytime,6,-0.131164122444716,0.8043820918860058,-0.04014272970562014
2021-11-17,nighttime,6,NA,NA,NA
2021-11-18,daytime,6,-0.8416566001007181,0.03562390551675258,-0.29560685033507017
2021-11-18,nighttime,6,-0.029399051601883438,0.9559141274595784,-0.025641025640962885
2021-11-19,daytime,6,0.4472135954999528,0.37390096630006503,2.10000000000039
2021-11-19,nighttime,6,-0.22261302991059193,0.671596423241761,-0.29600000000004484
2021-11-20,daytime,6,0.6324555320336651,0.1778078083562309,0.6399999999999542
2021-11-20,nighttime,6,0.9106686551613671,0.011613697707243653,0.6531791907514205
2021-11-21,daytime,6,0.08304547985374393,0.8757181439430177,0.20000000000005502
2021-11-21,nighttime,6,-0.1309307341415905,0.8047261622231134,-0.12000000000006687
2021-11-22,daytime,6,-0.07296022146587804,0.8907538585047043,-0.3500000000003513
2021-11-22,nighttime,6,NA,NA,NA
2021-11-23,daytime,6,0.549766506195237,0.25843183786533735,0.41558441558445086
2021-11-23,nighttime,6,-0.5791864948653108,0.22836633849970997,-0.349056603773568
2021-11-24,daytime,6,0.8211219429148047,0.04513422622755311,0.7599999999999966
2021-11-24,nighttime,6,-0.8770580193070335,0.02174297846523514,-1.2499999999999452
2021-11-25,daytime,6,0.7354991780818297,0.09568869787791232,0.36538461538460665
2021-11-25,nighttime,6,0.10584196033296511,0.8418299078692998,0.08121827411167697
2021-11-26,daytime,6,-0.8063294761326033,0.05263028439671495,-3.130434782608848
2021-11-26,nighttime,6,-0.9392320020911177,0.005426923855711436,-3.285714285714151
2021-11-27,daytime,6,0.6004805767690767,0.20753885421580953,0.6249999999999908
2021-11-27,nighttime,6,-0.9021109540154846,0.013904398580181231,-0.9285714285713511
2021-11-28,daytime,6,NA,NA,NA
2021-11-28,nighttime,6,0.8891166686298275,0.017761008209371123,1.3960396039603948
2021-11-29,daytime,6,0.8933705725672614,0.01644857270487219,0.6753246753246697
2021-11-29,nighttime,6,0.27578313586615744,0.5968128239027166,0.9000000000003358
2021-11-30,daytime,6,0.8251369970070357,0.04319220559822523,0.6808510638297873
2021-11-30,nighttime,6,-0.26967994498529685,0.6052866259760656,-0.2666666666666204
2022-04-01,daytime,6,-0.9697584417050655,0.0013579990356447605,-1.12346842601322
2022-04-01,nighttime,6,0.9577718045628892,0.002637179643135289,3.9137931034483415
2022-04-02,daytime,6,-0.5449492609130646,0.26349281706900884,-0.20000000000000098
2022-04-02,nighttime,6,0.9253038911459854,0.008160879223116875,2.086956521738916
2022-04-03,daytime,6,-0.28967673658403187,0.5776386608843052,-0.49056603773602764
2022-04-03,nighttime,6,NA,NA,NA
2022-04-04,daytime,6,-0.9959121726170033,2.5031344591944688e-5,-0.5923653715064773
2022-04-04,nighttime,6,0.3160760858901057,0.5416745183580409,0.5434782608695464
2022-04-05,daytime,6,-0.44262666813798957,0.37941934487592066,-1.1428571428572596
2022-04-05,nighttime,6,-0.8497303776522025,0.03217482298013874,-1.431034482758539
2022-04-06,daytime,6,-0.7231052357875684,0.10439120652660212,-0.2738901429646377
2022-04-06,nighttime,6,NA,NA,NA
2022-04-07,daytime,6,0.11736911946539788,0.8247547305533232,0.4500000000000557
2022-04-07,nighttime,6,0.8580738236992167,0.0287851469900123,4.021739130434834
2022-04-08,daytime,6,-0.31762392188279565,0.5395858548283011,-0.40000000000001107
2022-04-08,nighttime,6,0.9048250570529572,0.013156344493419157,2.957746478873249
2022-04-09,daytime,6,NA,NA,NA
2022-04-09,nighttime,6,-0.7465859537202043,0.08819106065054641,-2.1428571428569096
2022-04-10,daytime,6,-0.1234155690360061,0.815816542560505,-0.13140311804006716
2022-04-10,nighttime,6,-0.2956885083818341,0.569393511017712,-0.4444444444444509
2022-04-11,daytime,6,-0.7447399964708125,0.08942043064186282,-0.11970410221923589
2022-04-11,nighttime,6,-0.42749762591037704,0.3978170587559737,-0.5704989154012717
2022-04-12,daytime,6,-0.32403485468182175,0.5309593189253234,-0.3882681564246099
2022-04-12,nighttime,6,0.6084800192975095,0.19992420603112568,1.4545454545455496
2022-04-13,daytime,6,-0.27815349563808145,0.5935300365049261,-0.12731668009671238
2022-04-13,nighttime,6,0.7409242456816273,0.09198575547059572,0.8846153846153966
2022-04-14,daytime,6,0.27881348267080985,0.5926168320064855,0.7666666666666485
2022-04-14,nighttime,6,0.9155912777960834,0.010386549577417546,1.5099337748344237
2022-04-15,daytime,6,0.5773977232865377,0.2301521889338352,7.428571428571052
2022-04-15,nighttime,6,-0.7094756547606039,0.1143458269431391,-9.999999999997915
2022-04-16,daytime,6,-0.8317280165788826,0.040090841264843476,-1.932551319648107
2022-04-16,nighttime,6,0.1306046296896739,0.8052069542261688,0.23880597014927268
2022-04-17,daytime,6,0.6597096972649443,0.15399385371618646,1.2471590909091237
2022-04-17,nighttime,6,0.02156321176619508,0.9676601954966543,0.12499999999997878
2022-04-18,daytime,6,0.2743981790560647,0.5987330491463241,0.5242718446601836
2022-04-18,nighttime,6,0.8645268841360535,0.02628628099762728,11.10000000000013
2022-04-19,daytime,6,0.05488691224524518,0.9177523070508012,0.3793103448276083
2022-04-19,nighttime,6,0.34811293405085564,0.498923216730019,1.8974358974359937
2022-04-20,daytime,6,-0.9570269935573115,0.002730340243728003,-0.30500467496678624
2022-04-20,nighttime,6,0.16174359558286147,0.759500292976598,0.06842105263158493
2022-04-21,daytime,6,-0.30169097286977026,0.5611931111754993,-0.044937482372849995
2022-04-21,nighttime,6,0.13693063937628702,0.7958877656797221,0.299999999999934
2022-04-22,daytime,6,0.6186882248897456,0.19037689230935176,0.047846889952135034
2022-04-22,nighttime,6,-0.7011673749771472,0.12060838984046493,-5.750000000000223
2022-04-23,daytime,6,-0.3659827260229909,0.475536388200031,-0.08739255014327094
2022-04-23,nighttime,6,0.9860295813311675,2.9139557522184467e-4,1.0057803468207995
2022-04-24,daytime,6,-0.5398686143438731,0.2688716243794405,-0.18289438680500306
2022-04-24,nighttime,6,0.9439009766995146,0.004632375993140056,1.8751311647428717
2022-04-25,daytime,6,-0.434065973817606,0.3897929339538247,-0.5977984758679249
2022-04-25,nighttime,6,0.5823562296736929,0.2252154456053847,1.023696682464442
2022-04-26,daytime,6,0.6483617611657506,0.1637342389226101,1.0230366492146519
2022-04-26,nighttime,6,0.9665696046935466,0.001657706235536354,0.8592730661696044
2022-04-27,daytime,6,-0.016255845347197474,0.9756183798031548,-0.05901639344263025
2022-04-27,nighttime,6,0.6565679000801319,0.1566652570950374,1.2722772277227132
2022-04-28,daytime,6,-0.9129737452183291,0.01103080385835827,-0.27155437231210683
2022-04-28,nighttime,6,0.6919903363652216,0.12769449819889486,0.7045454545454601
2022-04-29,daytime,6,0.8209937871706025,0.04519686823902122,2.3280116110304645
2022-04-29,nighttime,6,0.9841166627200645,3.7641707735612415e-4,0.9582338902147987
2022-04-30,daytime,6,-0.6502541013378795,0.1620924476775678,-0.14129759474571918
2022-04-30,nighttime,6,0.953973497862783,0.00312890618222497,0.9336016096579616
2022-05-01,daytime,6,-0.6659061695199944,0.14878247390636606,-0.42337992376112143
2022-05-01,nighttime,6,0.8776756121928799,0.02152969822270781,0.8636859323882337
2022-05-02,daytime,6,-0.9243624393621316,0.008365198092008566,-0.9160059995714643
2022-05-02,nighttime,6,0.9571543790393373,0.0027142939881411574,1.1258741258741152
2022-05-03,daytime,6,-0.8806779389321683,0.02050719229472342,-0.501955416503717
2022-05-03,nighttime,6,-0.6055000547057247,0.20274725621407585,-0.44711014176661795
2022-05-04,daytime,6,-0.7029116293567454,0.11928151734866975,-1.3447566826593336
2022-05-04,nighttime,6,-0.7536241793704539,0.08357393259997357,-0.7293666026871121
2022-05-05,daytime,6,0.7267493010529174,0.10179765595492542,0.7359712230215792
2022-05-05,nighttime,6,-0.8183869153451288,0.046479868212534296,-0.9415322580645021
2022-05-06,daytime,6,-0.7728759349345672,0.07151987523265672,-1.1008243500317239
2022-05-06,nighttime,6,-0.48565942932362155,0.32878590640313277,-0.6923076923075828
2022-05-07,daytime,6,0.9689333683247177,0.0014327116493138736,1.0292124680018075
2022-05-07,nighttime,6,0.6283645757847478,0.1815055118379486,0.8795811518324679
2022-05-08,daytime,6,0.0016221537374032308,0.9975667715281489,0.014018691588568524
2022-05-08,nighttime,6,0.7360206254117532,0.09532994940659213,1.7187499999998912
2022-05-09,daytime,6,-0.08649239858659642,0.870584924126589,-0.29687499999997774
2022-05-09,nighttime,6,-0.5180867004290891,0.29240076690627587,-5.045454545454549
2022-05-10,daytime,6,-0.5725409769449157,0.23502890826179937,-6.115384615384168
2022-05-10,nighttime,6,0.7735870731075466,0.07109093837744726,1.0947368421052845
2022-05-11,daytime,6,0.9798343893386591,6.058775885425491e-4,2.3789137380191683
2022-05-11,nighttime,6,0.3905667329424737,0.44393888869207176,0.16666666666668467
2022-05-12,daytime,6,-0.324172810718894,0.5307741219049618,-1.5789473684212383
2022-05-12,nighttime,6,0.9682294947120633,0.0014980134912419441,1.839999999999997
2022-05-13,daytime,6,-0.7469526943045931,0.08794772704486203,-5.090128755365132
2022-05-13,nighttime,6,-0.20957748860187106,0.6902363741629973,-1.857142857142252
2022-05-14,daytime,6,0.048702325494157886,0.9270042706836851,0.49999999999982275
2022-05-14,nighttime,6,0.9027794839126377,0.013718287288000385,1.5970149253731196
2022-05-15,daytime,6,-0.6261246592630949,0.18354349015839896,-1.1009615384615463
2022-05-15,nighttime,6,0.7554998607759612,0.08236232907408261,1.1672131147541112
2022-05-16,daytime,6,-0.4966002309280851,0.3163333893802151,-0.1884240327146916
2022-05-16,nighttime,6,0.873181755554147,0.023104500199310558,1.4472361809045233
2022-05-17,daytime,6,-0.7524477521759422,0.08433791039443432,-1.0916230366492563
2022-05-17,nighttime,6,0.771307496551984,0.0724700528751991,0.5288135593220483
2022-05-18,daytime,6,-0.5257558248994428,0.2840307615997216,-0.4088202456270973
2022-05-18,nighttime,6,0.9159929499875538,0.010289350054096024,1.559633027522913
2022-05-19,daytime,6,0.9068213085938513,0.012618901588111594,2.4643557880968427
2022-05-19,nighttime,6,0.8908452016724996,0.01722187783875532,1.2368421052631302
2022-05-20,daytime,6,-0.7350771648725831,0.09597947634603719,-0.5515830079503273
2022-05-20,nighttime,6,0.9680952062413554,0.00151063559930772,1.450819672131139
2022-05-21,daytime,6,-0.8664164497365056,0.025574977185307896,-0.9960998862466862
2022-05-21,nighttime,6,0.8132963265898024,0.049033309746530786,1.128534704370123
2022-05-22,daytime,6,-0.28584035339021396,0.5829167211654436,-0.1710202647300009
2022-05-22,nighttime,6,0.9482802033656279,0.003943232437615895,1.17757009345791
2022-05-23,daytime,6,0.8190988223327275,0.046127837248826194,3.8710407239819724
2022-05-23,nighttime,6,0.5240703020861442,0.2858624176540784,0.6999999999999769
2022-05-24,daytime,6,0.9440352651558163,0.004610435102119559,4.012612612612671
2022-05-24,nighttime,6,0.7783529903106864,0.06824662504750237,0.43853211009171444
2022-05-25,daytime,6,0.772780229604669,0.07157769131358295,4.2989949748744705
2022-05-25,nighttime,6,0.9272561865390844,0.007745025744107919,0.9867549668874085
2022-05-26,daytime,6,-0.6536779194525975,0.15913971606417612,-3.664596273292116
2022-05-26,nighttime,6,0.6030226891555313,0.20510645520407375,3.33333333333292
2022-05-27,daytime,6,-0.8435303701427863,0.034808714572168054,-0.7492554247624471
2022-05-27,nighttime,6,0.8494443544355391,0.032294181026472746,3.929999999999624
2022-05-28,daytime,6,0.6523505904114235,0.16028169469333403,0.241581259150804
2022-05-28,nighttime,6,0.6546536707079781,0.15830242337545705,2.9999999999982596
2022-05-29,daytime,6,0.4154818018653786,0.41263859675006626,0.2921348314606609
2022-05-29,nighttime,6,0.8431866200931858,0.034957599476190926,4.068181818181762
2022-05-30,daytime,6,-0.039349347054159434,0.9410064431149194,-0.02849002849001727
2022-05-30,nighttime,6,0.8735733537340722,0.022965162732957824,5.652542372881349
2022-05-31,daytime,6,-0.38490017945974675,0.45116085521480503,-0.14814814814817384
2022-05-31,nighttime,6,0.5688650341299871,0.23874692382340137,7.038461538462034
2022-06-01,daytime,6,0.9568476342990625,0.0027530124129537203,0.5203045685279122
2022-06-01,nighttime,6,0.929592217410729,0.007261369077674334,3.697478991596652
2022-06-02,daytime,6,-0.25537695922764087,0.6252620706985714,-0.3478260869565107
2022-06-02,nighttime,6,0.14887799151915992,0.7783329274819638,7.400000000002358
2022-06-03,daytime,6,0.7195802885773211,0.106927389745068,5.478346456692953
2022-06-03,nighttime,6,0.8219886874584249,0.044711627415140925,10.326732673267012
2022-06-04,daytime,6,0.26689578244919293,0.6091622678281252,2.3617021276594286
2022-06-04,nighttime,6,0.7970336872702034,0.05761235463723384,3.940677966101695
2022-06-05,daytime,6,0.4803489141497493,0.33489330118034843,1.9718934911241974
2022-06-05,nighttime,6,0.7941793398210727,0.059183713996292416,3.3157894736842635
2022-06-06,daytime,6,-0.20546365695169502,0.6961413710030518,-0.17766606822262235
2022-06-06,nighttime,6,-0.31119944146142525,0.5482699071341366,-4.916666666665683
2022-06-07,daytime,6,-0.8191425413638397,0.046106259198026876,-3.6576354679803553
2022-06-07,nighttime,6,0.838599545766183,0.03697291041911458,1.2178217821781714
2022-06-08,daytime,6,-0.5611435160199839,0.24663173506173736,-2.0509580105993757
2022-06-08,nighttime,6,0.556242699362468,0.2516883487537053,1.2499999999999647
2022-06-09,daytime,6,0.6357445816071876,0.17485794424114015,4.278450363196234
2022-06-09,nighttime,6,0.3508232077228164,0.4953543088910262,0.25000000000002015
2022-06-10,daytime,6,0.5051278794521034,0.3067509243963139,3.94594594594612
2022-06-10,nighttime,6,0.9847288207729984,3.480326849057856e-4,1.8317757009345135
2022-06-11,daytime,6,-0.5759937672544805,0.23155773533877655,-0.1564138908575493
2022-06-11,nighttime,6,0.7823129163079627,0.06592365815803193,1.1867469879518084
2022-06-12,daytime,6,-0.35354854505302163,0.4917733608062017,-0.26654898499558866
2022-06-12,nighttime,6,0.9173537467843653,0.009963351140873782,2.469879518072251
2022-06-13,daytime,6,-0.04298271194287874,0.9355656376565304,-0.017347838870923584
2022-06-13,nighttime,6,0.9529642626506086,0.0032665108762317215,2.1133144475919843
2022-06-14,daytime,6,0.5881525853388957,0.21949901172652508,3.2016574585636572
2022-06-14,nighttime,6,0.8981773490099831,0.015023937281132292,1.81147540983606
2022-06-15,daytime,6,0.727822887029007,0.10103907914743625,2.104695919938429
2022-06-15,nighttime,6,0.588036490795677,0.21961292569145136,1.0047393364928214
2022-06-16,daytime,6,-0.9398478855178645,0.0053185918125510925,-0.8536836682122629
2022-06-16,nighttime,6,0.12277343610081505,0.8167651472857228,0.08561643835617194
2022-06-17,daytime,6,0.7738990864613557,0.07090311181192983,2.9191655801825704
2022-06-17,nighttime,6,0.8542102988088396,0.03033260187347191,2.11380145278429
2022-06-18,daytime,6,0.8327021440115062,0.03964164483190636,2.5164556962025415
2022-06-18,nighttime,6,0.9547280405235649,0.003027931892854893,2.034965034964891
2022-06-19,daytime,6,0.8350809889110153,0.03855466358936924,2.021300448430508
2022-06-19,nighttime,6,0.8093818374212011,0.05103984333000892,0.37111517367459607
2022-06-20,daytime,6,-0.9118624343187496,0.011310009264060226,-2.3500000000004144
2022-06-20,nighttime,6,0.6913781465132302,0.12817345063421176,0.5881057268722336
2022-06-21,daytime,6,-0.043393035004842574,0.9349513010694146,-0.6818181818182271
2022-06-21,nighttime,6,0.9530318653292809,0.0032572025258693162,2.21140939597316
2022-06-22,daytime,6,0.5828994191869833,0.22467724409796225,6.231250000000679
2022-06-22,nighttime,6,0.933369695370404,0.006511490375785725,1.3496503496502303
2022-06-23,daytime,6,0.872494050115027,0.0233501698556069,3.1954102920723426
2022-06-23,nighttime,6,0.8992107648268185,0.014725772682966614,1.202739726027326
2022-06-24,daytime,6,-0.42909902722753074,0.3958555975745755,-0.47624279044218876
2022-06-24,nighttime,6,0.9776563613713745,7.432798819280817e-4,1.6426229508195618
2022-06-25,daytime,6,-0.8274787513828291,0.042077946738563084,-1.0315805154178406
2022-06-25,nighttime,6,0.9814394110778324,5.135461723866718e-4,2.6499999999997916
2022-06-26,daytime,6,0.41651867433919454,0.41135244399103726,2.0517241379308317
2022-06-26,nighttime,6,0.8035562642857259,0.05409481619257699,1.1326259946949373
2022-06-27,daytime,6,0.6804955799316492,0.13681661491543312,5.267942583732129
2022-06-27,nighttime,6,0.8666777843973362,0.025477331022717296,1.7016129032257084
2022-06-28,daytime,6,-0.7063532620298419,0.11668226490385024,-4.086114101184407
2022-06-28,nighttime,6,0.7712719404278715,0.07249165920309564,1.5625000000000258
2022-06-29,daytime,6,-0.6096389438515144,0.19883067999072834,-1.7483221476510322
2022-06-29,nighttime,6,-0.24809303088897783,0.6354955355441949,-0.6428571428567774
2022-06-30,daytime,6,0.3944000422959896,0.43907467461681476,0.3225683407501599
2022-06-30,nighttime,6,0.8957524815789575,0.01573486034157572,2.07692307692304
2022-07-01,daytime,6,0.12182077763145945,0.8181727621094128,0.957446808510496
2022-07-01,nighttime,6,0.9437086366360965,0.004663890667440203,1.9366197183098353
2022-07-02,daytime,6,0.9009542747362158,0.014229261499046426,2.2984025559105388
2022-07-02,nighttime,6,0.6249999999999999,0.18457031249999997,0.3124999999999924
2022-07-03,daytime,6,0.901937547206687,0.013952870703347215,1.3590333716916232
2022-07-03,nighttime,6,0.8842540367971641,0.019320360254502608,1.5155807365438971
2022-07-04,daytime,6,-0.8257123517070423,0.0429171796542159,-2.357894736842177
2022-07-04,nighttime,6,0.8596331032277367,0.028171483505632998,1.2799999999999527
2022-07-05,daytime,6,-0.5454387015893805,0.2629768755028252,-0.8516927741283647
2022-07-05,nighttime,6,0.8317343126001419,0.04008793039445417,1.0842696629213568
2022-07-06,daytime,6,-0.7318806710267063,0.09819468410227711,-0.5813536530703767
2022-07-06,nighttime,6,0.9705012331190255,0.0012924312933625828,1.6428571428570986
2022-07-07,daytime,6,0.7970771531304298,0.057588576465165596,2.066037735849092
2022-07-07,nighttime,6,0.5125024414853389,0.2985529637461494,0.8396226415094387
2022-07-08,daytime,6,0.854293957649299,0.03029868825680487,3.4123222748815225
2022-07-08,nighttime,6,0.907772964936408,0.012366505438713956,1.552338530066781
2022-07-09,daytime,6,0.28249001964048437,0.5875364086513819,1.0171849427168616
2022-07-09,nighttime,6,0.5885584323392502,0.2191009745730192,0.3958868894601606
2022-07-10,daytime,6,0.9997284944970093,1.1056285018495823e-7,7.230769230769266
2022-07-10,nighttime,6,0.9663573220565173,0.001678705776438967,1.5227272727273418
2022-07-11,daytime,6,0.9880308715068784,2.140327064325815e-4,3.636363636363283
2022-07-11,nighttime,6,0.9698612260388925,0.0013488303310147842,0.9285714285714646
2022-07-12,daytime,6,-0.016806910535192073,0.9747920079400596,-0.011227816008694911
2022-07-12,nighttime,6,0.5078568223783108,0.3037076145672923,0.2579185520362041
2022-07-13,daytime,6,-0.5754591784430789,0.2320938255465803,-0.8911541119557927
2022-07-13,nighttime,6,0.5135525910130958,0.29739233427329215,0.5714285714285835
2022-07-14,daytime,6,0.2966544250098755,0.5680717279306302,1.2519083969464366
2022-07-14,nighttime,6,0.7001400420140073,0.12139288845301152,0.8333333333333731
2022-07-15,daytime,6,0.5270375127273224,0.2826409510798079,1.4872521246459105
2022-07-15,nighttime,6,0.13168538439184097,0.803613704201763,0.06936416184974302
2022-07-16,daytime,6,-0.30864484425408706,0.5517337406216596,-2.2666666666675046
2022-07-16,nighttime,6,0.35925002359870006,0.48430747270950514,0.3088235294117794
2022-07-17,daytime,6,-0.5432550053418915,0.2652818305656121,-6.69811320754881
2022-07-17,nighttime,6,0.5623260931190958,0.2454176058132124,0.46979865771811524
2022-07-18,daytime,6,-0.4545464664622496,0.36513778897424926,-12.609756097562718
2022-07-18,nighttime,6,0.6917095719501707,0.1279140603097084,2.3766233766232108
2022-07-19,daytime,6,0.8964742787689364,0.015521590096012583,6.656826568265755
2022-07-19,nighttime,6,0.7114914586232078,0.11284844919996183,1.1500000000001434
2022-07-20,daytime,6,-0.27819577868591044,0.5934715197981447,-0.27036878216124083
2022-07-20,nighttime,6,0.9617352088966002,0.0021682778139507247,1.1135135135134908
2022-07-21,daytime,6,-0.7897329982873091,0.061670133384732234,-3.5471698113210297
2022-07-21,nighttime,6,0.3077935056255456,0.5528894339334178,1.7999999999998535
2022-07-22,daytime,6,0.49542877698261095,0.317658250194148,5.631578947369164
2022-07-22,nighttime,6,0.6800000000000006,0.13721599999999945,6.7999999999993825
2022-07-23,daytime,6,-0.33385339529959235,0.5178252378660599,-0.49462108534545884
2022-07-23,nighttime,6,NA,NA,NA
2022-07-24,daytime,6,0.5956223815678392,0.21221971893835823,0.3852941176470604
2022-07-24,nighttime,6,0.9048187022009938,0.01315807267030399,1.4166666666667023
2022-07-25,daytime,6,-0.8089794088206844,0.05124823698004448,-2.0577293136626067
2022-07-25,nighttime,6,0.6824001677357675,0.1352863876725894,0.9206349206349235
2022-07-26,daytime,6,-0.9370585702451045,0.005817760243260599,-10.30813953488365
2022-07-26,nighttime,6,NA,NA,NA
2022-07-27,daytime,6,-0.8494540068599017,0.032290149651532346,-7.3124999999999645
2022-07-27,nighttime,6,NA,NA,NA
2022-07-28,daytime,6,-0.7694110265476696,0.0736265571941464,-6.204545454545459
2022-07-28,nighttime,6,0.6879999999999984,0.1308303360000012,1.3760000000000479
2022-07-29,daytime,6,0.2950031885201785,0.570331820945684,3.1428571428571686
2022-07-29,nighttime,6,0.7502016713995646,0.08580519890340936,9.400000000001592
2022-07-30,daytime,6,0.892711978637192,0.016648598130611723,5.1112123974476305
2022-07-30,nighttime,6,0.6508277288755133,0.1615961481518536,0.7326732673267211
2022-07-31,daytime,6,0.3497308637698343,0.49679178858122103,4.71830985915496
2022-07-31,nighttime,6,0.872979711406031,0.023176548141225436,2.38461538461532
2022-08-01,daytime,6,NA,NA,NA
2022-08-01,nighttime,6,NA,NA,NA
2022-08-02,daytime,6,-0.32077761451074716,0.5353373103063127,-5.062500000000302
2022-08-02,nighttime,6,0.8787848278860011,0.02114916251530134,4.599999999993611
2022-08-03,daytime,6,0.6190662136119778,0.19002706886361584,6.171428571428782
2022-08-03,nighttime,6,0.7756466705593513,0.06985527769077113,1.8275862068962667
2022-08-04,daytime,6,0.38229404922789295,0.45449482297458516,4.1153846153846025
2022-08-04,nighttime,6,0.30143544493034863,0.5615415463749095,0.3275862068965415
2022-08-05,daytime,6,0.7810432917903624,0.06666444446570968,0.3107476635514122
2022-08-05,nighttime,6,0.8583000707285254,0.028695717707035714,1.6930693069307334
2022-08-06,daytime,6,-0.4208250551055843,0.4060251560544096,-1.2995520716685538
2022-08-06,nighttime,6,0.7365038201418532,0.09499805411805344,1.3376623376623753
2022-08-07,daytime,6,0.6078247928373891,0.20054354306655328,6.271084337349922
2022-08-07,nighttime,6,0.9240543697845942,0.008432590846124438,1.8999999999999702
2022-08-08,daytime,6,-0.5961453709524046,0.21171378759791917,-1.0999223688588349
2022-08-08,nighttime,6,0.9191450300180583,0.009541993515023734,1.749999999999977
2022-08-09,daytime,6,-0.7579568705040616,0.08078728137530537,-1.841051314142681
2022-08-09,nighttime,6,0.8135602877970017,0.048899349018171154,2.2564102564101316
2022-08-10,daytime,6,0.42728078007984993,0.3980829134134505,8.328947368422414
2022-08-10,nighttime,6,0.9575278085425164,0.0026675230527835147,1.5636363636363326
2022-08-11,daytime,6,0.1595110051281646,0.7627627722340476,0.7302052785923492
2022-08-11,nighttime,6,-0.10635445160303879,0.8410698245211397,-0.09677419354836395
2022-08-12,daytime,6,0.2997148931519378,0.5638892074146791,1.8874999999999416
2022-08-12,nighttime,6,NA,NA,NA
2022-08-13,daytime,6,0.5578757671620048,0.24999889572406853,6.681818181818307
2022-08-13,nighttime,6,0.8429272304235248,0.03507014412043886,1.6874999999999936
2022-08-14,daytime,6,-0.32694264879513624,0.5270597211600571,-3.483870967742682
2022-08-14,nighttime,6,0.8885463112509477,0.017940652437073566,1.8289473684210762
2022-08-15,daytime,6,0.15602735387541283,0.767858175887846,2.584158415841913
2022-08-15,nighttime,6,0.5897678246195872,0.21791658039576417,0.5000000000000033
2022-08-16,daytime,6,-0.5293784378691875,0.2801092550122224,-8.555555555554536
2022-08-16,nighttime,6,0.9143271813113475,0.010695335750926401,1.2307692307692597
2022-08-17,daytime,6,-0.8700029658454477,0.02425041851593659,-6.22222222222215
2022-08-17,nighttime,6,-0.4364357804719826,0.3869116417179288,-0.33333333333329634
2022-08-18,daytime,6,-0.5035264876161061,0.3085420504459632,-8.393258426967753
2022-08-18,nighttime,6,0.727860264242624,0.10101271438372542,0.4482758620689773
2022-08-19,daytime,6,-0.38842515070313827,0.4466639210132123,-4.967741935483625
2022-08-19,nighttime,6,0.5678917400203909,0.239735225052917,0.5067873303167657
2022-08-20,daytime,6,0.3586080102809253,0.4851464267517438,5.423076923077573
2022-08-20,nighttime,6,0.7150148254462297,0.11025206827450901,2.8999999999990265
2022-08-21,daytime,6,-0.5819813070569814,0.22558722609692688,-3.223965763195613
2022-08-21,nighttime,6,-0.3872983346207428,0.44809987316544175,-0.599999999999778
2022-08-22,daytime,6,-0.842439272880299,0.035282321418712986,-7.827586206896715
2022-08-22,nighttime,6,0.6205858795132768,0.18862331818496078,0.7227722772277433
2022-08-23,daytime,6,0.1487940588337751,0.7784560375742524,1.3144475920680134
2022-08-23,nighttime,6,0.5498051602938103,0.258391382357974,0.7359999999999901
2022-08-24,daytime,6,-0.2540076751673142,0.6271827620281146,-4.2923076923077454
2022-08-24,nighttime,6,0.9398224539605197,0.0053230439825554575,1.3617021276595307
2022-08-25,daytime,6,-0.09642741199414917,0.8558071848972892,-0.7626459143970077
2022-08-25,nighttime,6,0.6913190854605951,0.12821969872436492,2.389610389609906
2022-08-26,daytime,6,-0.5388311607848156,0.269975114361569,-3.5150060024012295
2022-08-26,nighttime,6,NA,NA,NA
2022-08-27,daytime,6,0.4271118773761849,0.39829003118845513,3.581818181818348
2022-08-27,nighttime,6,-0.14907119849998385,0.778049548900024,-0.08333333333331878
2022-08-28,daytime,6,0.8544811204957942,0.03022288114720804,7.841726618705365
2022-08-28,nighttime,6,-0.854617617454323,0.03016765201242732,-1.132075471698071
2022-08-29,daytime,6,0.5848963088443626,0.22270313010904488,4.818181818182257
2022-08-29,nighttime,6,0.43953246358239584,0.3831576762692338,0.7828054298642478
2022-08-30,daytime,6,0.20523601956493548,0.696468428371855,0.5534351145038245
2022-08-30,nighttime,6,0.5312388964493087,0.27810338551293007,0.7785234899328878
2022-08-31,daytime,6,0.9388495678246489,0.005494730823329174,6.471669218989415
2022-08-31,nighttime,6,0.8015527670738424,0.055164400954754965,1.4697986577181092
2022-09-01,daytime,6,0.9674602012481079,0.0015710305583242982,6.3560000000000745
2022-09-01,nighttime,6,-0.2663648367265179,0.6099020676248653,-0.25339366515836925
2022-09-02,daytime,6,0.6647843347770573,0.1497202978947844,4.959854014598802
2022-09-02,nighttime,6,-0.13900960937137613,0.7928286739561856,-0.08695652173910723
2022-09-03,daytime,6,0.35796864727996774,0.48598235817288504,3.006079027355827
2022-09-03,nighttime,6,-0.19366593274629318,0.7131329659050489,-0.1520000000000069
2022-09-04,daytime,6,-0.311315210570432,0.5481130772327543,-1.062037564029605
2022-09-04,nighttime,6,0.7926290870042654,0.060045289215593114,3.399999999999942
2022-09-05,daytime,6,NA,NA,NA
2022-09-05,nighttime,6,0.7278253428740514,0.10103734677448264,2.7999999999999066
2022-09-06,daytime,6,-0.7893035704811682,0.06191275635698278,-15.699999999994677
2022-09-06,nighttime,6,NA,NA,NA
2022-09-07,daytime,6,0.7091378548787762,0.11459759793634228,8.771186440677868
2022-09-07,nighttime,6,0.6289558434553312,0.1809691259473627,6.466666666666619
2022-09-08,daytime,6,-0.24913643956121903,0.6340271611962782,-0.2999999999999668
2022-09-08,nighttime,6,0.9054986619450518,0.012973782104761807,3.2873563218391006
2022-09-09,daytime,6,-0.7447611870218777,0.089406274933456,-33.99999999999912
2022-09-09,nighttime,6,0.8166735563286094,0.047332206246016986,3.1188118811881127
2022-09-10,daytime,6,0.3948728189331906,0.43847595354396357,3.2857142857154464
2022-09-10,nighttime,6,0.4792592628148033,0.33615150186130893,2.6875000000000018
2022-09-11,daytime,6,-0.8192360616201341,0.04606011692722152,-2.9560439560439518
2022-09-11,nighttime,6,0.1995018672215267,0.7047173855800786,0.6666666666670734
2022-09-12,daytime,6,-0.8978588689179499,0.01511640644755753,-4.646616541353395
2022-09-12,nighttime,6,NA,NA,NA
2022-09-13,daytime,6,0.8722051053601914,0.023453759240549862,14.50000000000107
2022-09-13,nighttime,6,0.82734940759846,0.04213913655502302,1.79999999999967
2022-09-14,daytime,6,0.3798771533466144,0.4575936699960694,7.999999999999474
2022-09-14,nighttime,6,0.38729833462074265,0.44809987316544175,3.5999999999977192
2022-09-15,daytime,6,0.8370393938237956,0.037670434850328186,17.849999999999262
2022-09-15,nighttime,6,0.7099288352326497,0.11400844130562493,4.275862068965085
2022-09-16,daytime,6,0.1556585520189934,0.7683979430158004,3.0714285714273535
2022-09-16,nighttime,6,0.7575724468926297,0.08103280853208902,1.4137931034481386
2022-09-17,daytime,6,-0.13381817279725325,0.800470902112523,-6.000000000003956
2022-09-17,nighttime,6,0.9377154924749759,0.00569822780670677,1.758620689654998
2022-09-18,daytime,6,0.6552977311070163,0.15775077907749838,8.424892703862792
2022-09-18,nighttime,6,-0.31722063428724284,0.5401298351999388,-0.22222222222220783
2022-09-19,daytime,6,0.3883339049427643,0.44678014457166404,5.43421052631651
2022-09-19,nighttime,6,0.365962527355709,0.47556262820900785,0.7142857142856296
2022-09-20,daytime,6,0.7482573355487782,0.08708453738929665,7.473214285714829
2022-09-20,nighttime,6,-0.04149591933631433,0.9377918471421804,-0.04347826086964147
2022-09-21,daytime,6,-0.026699243877774895,0.9599606504563126,-0.18421052631594023
2022-09-21,nighttime,6,-0.9147960166187663,0.010580299696730877,-3.1519999999999575
2022-09-22,daytime,6,0.8549378114730928,0.03003828319837407,27.000000000004615
2022-09-22,nighttime,6,0.5570066518960229,0.2508974643090681,0.5641025641024748
2022-09-23,daytime,6,-0.5801193511153212,0.22743721029353814,-5.833333333333341
2022-09-23,nighttime,6,-0.6949985619375706,0.12535230266564248,-0.6363636363636179
2022-09-24,daytime,6,-0.907252397334761,0.012504263798319657,-4.9918032786887085
2022-09-24,nighttime,6,-0.5294420462230793,0.28004058424799816,-0.7857142857141288
2022-09-25,daytime,6,-0.40093291230900086,0.4308250530918535,-3.3617021276599313
2022-09-25,nighttime,6,NA,NA,NA
2022-09-26,daytime,6,-0.971144188968867,0.0012369732368948338,-5.074999999999922
2022-09-26,nighttime,6,-0.4014486102408905,0.4301760116993899,-0.28859060402681624
2022-09-27,daytime,6,-0.9426130652620875,0.004845395361578262,-7.048158640226589
2022-09-27,nighttime,6,0.8735181076310535,0.022984795915389714,0.43817787418654924
2022-09-28,daytime,6,0.15753801409384968,0.7656478858688245,1.600000000000434
2022-09-28,nighttime,6,0.3358451891887451,0.5151725400120654,0.6724137931034353
2022-09-29,daytime,6,0.5085476277156111,0.3029390275277408,0.5172413793102256
2022-09-29,nighttime,6,NA,NA,5.775005394571004e-15
2022-09-30,daytime,6,-0.7218861356719056,0.10526530105398113,-0.48854961832059873
2022-09-30,nighttime,6,0.6762274258037534,0.14027269394800654,2.161290322580716
2022-10-01,daytime,6,0.9771360467873206,7.781643506010299e-4,2.6948738812042152
2022-10-01,nighttime,6,0.7711193345721742,0.07258442615563107,0.5144508670520415
2022-10-02,daytime,6,-0.8531286087608383,0.03077271186080634,-5.75247524752469
2022-10-02,nighttime,6,0.5469141104851692,0.2614239534510003,2.599999999999305
2022-10-03,daytime,6,-0.7767008956029223,0.06922661035406179,-0.5254237288135913
2022-10-03,nighttime,6,-0.8733617475557465,0.023040406007284523,-3.415841584158521
2022-10-04,daytime,6,-0.1710643322856825,0.7459064298437197,-0.3121387283236883
2022-10-04,nighttime,6,0.22597307314642867,0.6668099155521815,0.17021276595740842
2022-10-05,daytime,6,-0.19308385394642247,0.7139734348297513,-1.350000000000029
2022-10-05,nighttime,6,0.8095548672009225,0.050950362454302796,1.148936170212791
2022-10-06,daytime,6,0.08428695623736461,0.8738689651759131,0.04357298474945357
2022-10-06,nighttime,6,NA,NA,NA
2022-10-07,daytime,6,-0.2314169379798116,0.6590712211424505,-1.356435643564341
2022-10-07,nighttime,6,0.34571533776592844,0.5020867854594656,0.25742574257426554
2022-10-08,daytime,6,-0.17217545254690264,0.7442888390067357,-1.681818181818568
2022-10-08,nighttime,6,0.06093333477767401,0.9087131166480515,0.05940594059405939
2022-10-09,daytime,6,-0.8438328418734805,0.03467795543499379,-7.254658385093538
2022-10-09,nighttime,6,0.13867504905631553,0.7933208403487607,0.2500000000000383
2022-10-10,daytime,6,-0.5653791272950929,0.24229403376830821,-3.285714285714601
2022-10-10,nighttime,6,0.22249707974498753,0.6717617338415528,0.2970297029702928
2022-10-11,daytime,6,-0.9606100688171844,0.0022967919655328853,-16.636363636363672
2022-10-11,nighttime,6,0.5163977794943212,0.29425636802442745,1.2000000000000002
2022-10-12,daytime,6,0.1163322523107863,0.8262887949409384,1.935064935064864
2022-10-12,nighttime,6,0.06142951168339783,0.9079716372139286,0.20000000000008697
2022-10-13,daytime,6,-0.49693770511803026,0.31595210062110934,-0.5000000000000234
2022-10-13,nighttime,6,NA,NA,NA
2022-10-14,daytime,6,0.6270628803986131,0.18268870478322888,1.3191489361702202
2022-10-14,nighttime,6,0.5469141104851694,0.26142395345100006,1.3000000000001042
2022-10-15,daytime,6,-0.8878752032184549,0.018153140286269045,-0.670264436049669
2022-10-15,nighttime,6,NA,NA,NA
2022-10-16,daytime,6,0.4266600929914311,0.3988442136370736,0.2912621359223238
2022-10-16,nighttime,6,-0.8000856770572382,0.05595374319807554,-0.8118811881188425
2022-10-17,daytime,6,-0.9538961432639516,0.003139350022817493,-0.4811059907834281
2022-10-17,nighttime,6,-0.7889320586105286,0.06212300963455193,-0.4749999999999836
2022-10-18,daytime,6,0.02731791823539318,0.9590333158999831,0.02499999999994679
2022-10-18,nighttime,6,-0.6731250590586748,0.14280800001289137,-2.133333333333195
2022-10-19,daytime,6,-0.08119905686164648,0.8784690990438494,-0.08870967741934487
2022-10-19,nighttime,6,-0.02413319668618804,0.9638072326925252,-0.014705882352910567
2022-10-20,daytime,6,-0.3614941112078791,0.4813784955535792,-0.3372093023256123
2022-10-20,nighttime,6,-0.8528028654224427,0.030905834747224924,-0.49999999999996786
2022-10-21,daytime,6,-0.29690790932187977,0.5677249914549991,-0.30322580645164227
2022-10-21,nighttime,6,0.7530697802725351,0.083933572655051,1.5704697986576415
2022-10-22,daytime,6,0.9394806418354914,0.005383060188872503,0.5101404056162298
2022-10-22,nighttime,6,-0.5085476277156065,0.302939027527746,-0.517241379310327
2022-10-23,daytime,6,0.7929046108223271,0.05989174500596349,0.2485549132948009
2022-10-23,nighttime,6,-0.874999999999996,0.022460937500001395,-0.4374999999999846
2022-10-24,daytime,6,0.7388749335736708,0.09337687437452141,0.29816513761468366
2022-10-24,nighttime,6,-0.8226098226808177,0.044409919767168064,-0.38983050847456097
2022-10-25,daytime,6,-0.4141042015521682,0.4143494660089619,-0.06108108108108669
2022-10-25,nighttime,6,-0.9258200997725532,0.008049893100837353,-1.4285714285714395
2022-10-26,daytime,6,0.12225492853272919,0.8175312346365176,0.06748466257666427
2022-10-26,nighttime,6,NA,NA,NA
2022-10-27,daytime,6,-0.2884145225772602,0.5793737996408095,-0.11304347826088021
2022-10-27,nighttime,6,NA,NA,NA
2022-10-28,daytime,6,-0.5015429831113815,0.3107659314341222,-0.9830508474576887
2022-10-28,nighttime,6,NA,NA,NA
2022-10-29,daytime,6,-0.23904572186687872,0.648261294967307,-0.13333333333333947
2022-10-29,nighttime,6,0.6565321642986127,0.15669575447850592,0.1724137931034661
2022-10-30,daytime,6,NA,NA,NA
2022-10-30,nighttime,6,NA,NA,NA
2022-10-31,daytime,6,0.9091372900970027,0.012008965353778234,2.571428571428559
2022-10-31,nighttime,6,NA,NA,NA
2022-11-01,daytime,6,0.2337262025278475,0.6557946864291229,0.18959107806689215
2022-11-01,nighttime,6,-0.5331139899831805,0.27608731886494375,-0.947368421052556
2022-11-02,daytime,6,-0.09758357589855321,0.8540892586015867,-0.04985337243401834
2022-11-02,nighttime,6,-0.21101398453601042,0.6881769226661743,-0.31168831168820915
2022-11-03,daytime,6,0.5109455771639861,0.3002767356061501,0.598540145985403
2022-11-03,nighttime,6,-0.08279209869912552,0.8760956024799835,-0.07692307692299656
2022-11-04,daytime,6,-0.8873282392728773,0.018327208684517517,-0.5965834428383737
2022-11-04,nighttime,6,0.019999999999998876,0.9700040000000016,0.016000000000056296
2022-11-05,daytime,6,0.3974387994186871,0.43523104018108916,0.23350253807102836
2022-11-05,nighttime,6,-0.7586568312469805,0.08034108718692717,-0.9306930693068226
2022-11-07,daytime,6,0.7947194142390254,0.05888490419062725,0.4999999999999808
2022-11-07,nighttime,6,-0.799336007632179,0.0563590847952883,-0.7599999999999468
2022-11-08,daytime,6,-0.9318989093129156,0.006798719621262219,-0.5181422351233886
2022-11-08,nighttime,6,0.9315531966759688,0.00686711189287659,0.9594594594594416
2022-11-09,daytime,6,-0.6923564970055124,0.12740840080699584,-1.0818965517241532
2022-11-09,nighttime,6,-0.9208375747293196,0.009151991189526787,-2.394736842105109
2022-11-10,daytime,6,-0.281620923987523,0.5887363403147725,-0.7931034482758489
2022-11-10,nighttime,6,-0.5838742081211422,0.22371270056620848,-5.9999999999986615
2022-11-11,daytime,6,-0.9615384615384622,0.002190487027765056,-1.923076923076926
2022-11-11,nighttime,6,0.45818979495265744,0.36081100654430537,2.6000000000006267
2022-11-12,daytime,6,-0.8340094520948246,0.03904253566143223,-1.2216427640156653
2022-11-12,nighttime,6,NA,NA,NA
2022-11-13,daytime,6,-0.5731548527660205,0.23441026394382394,-2.59374999999992
2022-11-13,nighttime,6,0.013667886959711262,0.9794994462171639,0.009900990099056584
2022-11-14,daytime,6,0.10150258834900408,0.8482689966637417,0.0853658536584415
2022-11-14,nighttime,6,-0.8100925873009799,0.050672749256662465,-0.8749999999999584
2022-11-15,daytime,6,0.3615577545856145,0.4812955078666933,1.2871287128714917
2022-11-15,nighttime,6,0.20000000000001278,0.7039999999999816,0.20000000000010554
2022-11-16,daytime,6,0.8162521184739305,0.04754295999698249,3.935483870967716
2022-11-16,nighttime,6,-0.830296992677994,0.040755018194702425,-6.692307692307373
2022-11-17,daytime,6,-0.5700877125495708,0.23750768446494935,-0.750000000000054
2022-11-17,nighttime,6,-0.866400225443964,0.025581045150035713,-0.5666666666666436
2022-11-18,daytime,6,-0.9055074004954847,0.012971421853830208,-0.9245283018868116
2022-11-18,nighttime,6,-0.3251066066604952,0.529521048543063,-0.29870129870124873
2022-11-19,daytime,6,NA,NA,NA
2022-11-19,nighttime,6,-0.9097176522946807,0.011858412162671611,-0.8275862068965315
2022-11-20,daytime,6,NA,NA,NA
2022-11-20,nighttime,6,-0.25482359571881025,0.6260380997892783,-0.06493506493505896
2022-11-21,daytime,6,NA,NA,2.3206228574047827e-14
2022-11-21,nighttime,6,-0.9010478115669024,0.014202856455891385,-3.290909090909049
2022-11-22,daytime,6,NA,NA,NA
2022-11-22,nighttime,6,-0.9111014494973138,0.011503147920960312,-2.0693069306930645
2022-11-23,daytime,6,-0.20180183819889425,0.7014063299048034,-0.07692307692309588
2022-11-23,nighttime,6,-0.6228318096302193,0.1865565761473795,-3.3999999999998485
2022-11-24,daytime,6,-0.7055772384454215,0.11726616019900593,-1.2307692307692715
2022-11-24,nighttime,6,NA,NA,NA
2022-11-25,daytime,6,-0.11807546804445729,0.8237098911671958,-1.1320754716985013
2022-11-25,nighttime,6,0.9879056494353146,2.1852543299381012e-4,18.200000000000333
2022-11-26,daytime,6,-0.2164799267864969,0.680352619698581,-2.000000000000059
2022-11-26,nighttime,6,-0.931266147332835,0.006924152622950269,-9.333333333333206
2022-11-27,daytime,6,-0.6145039159854928,0.19426709342278714,-3.1666666666666554
2022-11-27,nighttime,6,0.9543482955111204,0.0030785463248144433,21.00000000000129
2022-11-28,daytime,6,0.5361068998959291,0.27288105521324907,3.358974358974755
2022-11-28,nighttime,6,NA,NA,NA
2022-11-29,daytime,6,-0.09858171792051594,0.8526064491901881,-0.7173913043478842
2022-11-29,nighttime,6,NA,NA,NA
2022-11-30,daytime,6,-0.5752438715979713,0.23230987647668339,-3.2800000000000025
2022-11-30,nighttime,6,NA,NA,NA
2023-04-01,daytime,6,-0.7288867456276827,0.10028985805826703,-0.2244859281720863
2023-04-01,nighttime,6,0.24524344319764574,0.6395098385073902,0.25862068965515195
2023-04-02,daytime,6,0.2854414284081127,0.5834662857667519,0.15869980879540035
2023-04-02,nighttime,6,-0.8983085851107372,0.014985913017811015,-2.2894736842106473
2023-04-03,daytime,6,-0.9422774867637951,0.004901670311444318,-0.6951219512195327
2023-04-03,nighttime,6,0.5359422007578702,0.2730571213124624,0.5625000000000446
2023-04-04,daytime,6,-0.6601588981921306,0.15361350178869726,-0.08330220395965911
2023-04-04,nighttime,6,0.955222026887602,0.0029627088987496863,1.8793103448275967
2023-04-05,daytime,6,-0.7917395548362236,0.060542240508054575,-0.22030651340996846
2023-04-05,nighttime,6,0.5784924073369817,0.22905863339051769,2.6000000000003354
2023-04-06,daytime,6,-0.02671190635826223,0.9599416702816707,-0.011654257041110816
2023-04-06,nighttime,6,0.8784420170725472,0.021266423582054578,2.2879999999999425
2023-04-07,daytime,6,0.9661343402722136,0.0017009043900288402,1.1903358868591511
2023-04-07,nighttime,6,0.5359422007578735,0.27305712131245924,3.000000000000845
2023-04-08,daytime,6,-0.7065772206071438,0.11651399132272136,-3.60344827586212
2023-04-08,nighttime,6,0.20096562619152422,0.7026097784645791,0.1964285714286134
2023-04-09,daytime,6,-0.8308716479108709,0.04048769174726838,-0.8595505617977811
2023-04-09,nighttime,6,0.9410080675563337,0.005117424759142727,1.9999999999999805
2023-04-10,daytime,6,-0.7800764512385157,0.06723109938112577,-1.2068965517241264
2023-04-10,nighttime,6,0.8445161615799923,0.034383407702873466,0.5943396226415086
2023-04-11,daytime,6,-0.2812843385630831,0.5892012242303973,-0.2307692307692131
2023-04-11,nighttime,6,0.9697523294220967,0.001358545239875545,0.5734265734265747
2023-04-12,daytime,6,-0.779225297536856,0.06773176218614703,-0.34083364072298156
2023-04-12,nighttime,6,-0.7617460261401369,0.07838519591138482,-2.4414587332052182
2023-04-13,daytime,6,-0.7921649947996964,0.060304327091017705,-0.3101163051657457
2023-04-13,nighttime,6,0.819514518628422,0.045922855390140835,0.8265895953757008
2023-04-14,daytime,6,-0.9596203727188767,0.0024128516692012597,-0.37538556446638005
2023-04-14,nighttime,6,0.5622535302317485,0.24549203685029833,1.1666666666666703
2023-04-15,daytime,6,-0.8138457025666501,0.048754691924165386,-0.307210031347965
2023-04-15,nighttime,6,0.9125196524005077,0.011144481531541905,2.987341772151812
2023-04-16,daytime,6,-0.6479393786376672,0.16410164888664522,-1.4774396642182923
2023-04-16,nighttime,6,0.973067526032366,0.0010782693862257818,1.4393939393939412
2023-04-17,daytime,6,-0.34387240927936535,0.5045225386168041,-1.5026178010472129
2023-04-17,nighttime,6,0.9688054346715603,0.0014444736291532722,0.9343065693430601
2023-04-18,daytime,6,-0.4440337213460822,0.37772358227514596,-2.2543554006969173
2023-04-18,nighttime,6,0.977031122502798,7.852951625261985e-4,1.321179208688881
2023-04-19,daytime,6,-0.892598668243002,0.016683129440233355,-0.43313630772000744
2023-04-19,nighttime,6,0.9056303784998303,0.012938227941088301,1.1213872832369989
2023-04-20,daytime,6,-0.39118557285669625,0.4431524522614754,-0.1797899042483971
2023-04-20,nighttime,6,0.9039673058824499,0.013390597391791563,0.7378048780487603
2023-04-21,daytime,6,0.40539428326322685,0.42522074054570314,0.20120817843866284
2023-04-21,nighttime,6,0.8787650686805857,0.021155912889900534,1.30280649926143
2023-04-22,daytime,6,-0.823945022628316,0.043764589319392186,-1.5329670329670704
2023-04-22,nighttime,6,0.887239890349543,0.01835539998500627,1.0124137931034443
2023-04-23,daytime,6,-0.2933596908766795,0.5725837177227797,-0.11656215418664852
2023-04-23,nighttime,6,0.9828248428986458,4.3994581655369013e-4,0.9053627760252193
2023-04-24,daytime,6,-0.8602120790429942,0.02794521995157726,-1.434915773353798
2023-04-24,nighttime,6,0.9282435644328919,0.007538742625247171,1.5069767441860227
2023-04-25,daytime,6,0.2250175801852056,0.6681702773218171,2.000000000000674
2023-04-25,nighttime,6,0.9596751418853955,0.002406355264360155,0.9119999999999983
2023-04-26,daytime,6,-0.25259683362403174,0.629163240301464,-0.3818181818181009
2023-04-26,nighttime,6,0.976103900324759,8.497127513449955e-4,1.0290909090908837
2023-04-27,daytime,6,0.9771202353251262,7.79236856215586e-4,7.4572490706321535
2023-04-27,nighttime,6,0.9523730871516567,0.0033484676343877714,2.0129870129869927
2023-04-28,daytime,6,-0.0562510986649936,0.9157123464747909,-0.09782608695651102
2023-04-28,nighttime,6,0.13699407724830323,0.7957943938885639,0.461538461538504
2023-04-29,daytime,6,1,0,0.49999999999999994
2023-04-29,nighttime,6,0.8565569680833867,0.029388120123696657,2.545454545454634
2023-04-30,daytime,6,0.2927700218845599,0.5733922538253556,0.07142857142857112
2023-04-30,nighttime,6,0.3211975249263862,0.5347723416494343,2.5294117647059253
2023-05-01,daytime,6,-0.877992284691989,0.021420727629160856,-2.4080819578827835
2023-05-01,nighttime,6,0.7520710469952281,0.08458320524109937,0.33936651583707744
2023-05-02,daytime,6,-0.9258028767268403,0.008053584165431176,-3.3067092651757966
2023-05-02,nighttime,6,NA,NA,NA
2023-05-03,daytime,6,-0.7076920414968585,0.11567794169185383,-1.5102639296188698
2023-05-03,nighttime,6,0.29277002188456047,0.5733922538253549,2.2857142857140866
2023-05-04,daytime,6,-0.8864712748562232,0.018601534254440794,-6.923076923077673
2023-05-04,nighttime,6,-0.42652200255658007,0.3990136547591676,-2.1132075471696887
2023-05-05,daytime,6,-0.4261028730713515,0.39952808864621503,-0.3028333766571384
2023-05-05,nighttime,6,0.9729069247297414,0.001091108462336924,1.2500000000000173
2023-05-06,daytime,6,-0.8587725857378817,0.0285093705302499,-2.4697208022021258
2023-05-06,nighttime,6,0.5645964276787125,0.24309331342052054,0.8670520231213863
2023-05-07,daytime,6,-0.7207270750616851,0.1060993320968154,-0.7277282850779551
2023-05-07,nighttime,6,0.9129347488039607,0.011040544063518697,2.6637168141592853
2023-05-08,daytime,6,0.07201633262130372,0.8921622520993193,0.4766949152541272
2023-05-08,nighttime,6,0.8619909371529721,0.02725545723558177,2.812499999999997
2023-05-09,daytime,6,0.4070446348914533,0.42315371096684906,3.633027522935864
2023-05-09,nighttime,6,0.9133091295548994,0.010947206274244586,4.706896551724044
2023-05-10,daytime,6,0.9078195281137484,0.012354219327077132,2.879258816497311
2023-05-10,nighttime,6,0.8373803842764097,0.03751745992216912,4.485549132947821
2023-05-11,daytime,6,-0.82796574835226,0.04184793135617744,-1.2401315789473755
2023-05-11,nighttime,6,0.7420906292183086,0.09119815509213078,1.4288990825688144
2023-05-12,daytime,6,0.9472664711439733,0.004097916238993656,1.6225242718446649
2023-05-12,nighttime,6,0.7851183121348869,0.06430022112384254,2.59663865546217
2023-05-13,daytime,6,-0.7131321241269845,0.11163613269617441,-1.467467990593171
2023-05-13,nighttime,6,0.9529983827581298,0.003261811176111582,2.9011627906976587
2023-05-14,daytime,6,0.25637060126799327,0.6238691904511042,0.6257142857142954
2023-05-14,nighttime,6,0.12465456222157098,0.8139866453229625,0.21008403361349878
2023-05-15,daytime,6,-0.4617541526924309,0.35659566489039163,-0.8786295897987556
2023-05-15,nighttime,6,0.24265784342840233,0.6431574250046969,1.1337209302327822
2023-05-16,daytime,6,-0.584102544878612,0.22348700421333673,-0.4525195743826638
2023-05-16,nighttime,6,0.4901867196184363,0.32361169327137906,1.2461928934010233
2023-05-17,daytime,6,-0.9637198900172372,0.0019504927888200818,-7.208232445520881
2023-05-17,nighttime,6,0.9097564356977417,0.011848384024784908,6.262443438914018
2023-05-20,daytime,6,0.13285043702619379,0.8018966989925032,0.571428571428531
2023-05-20,nighttime,6,0.9724083252608626,0.001131447994272457,2.0066225165562113
2023-05-21,daytime,6,0.6885755243975369,0.1303760228572899,1.8349381017881852
2023-05-21,nighttime,6,0.9049155553736944,0.01313174572925724,1.1744966442952944
2023-05-22,daytime,6,-0.06009823382087527,0.9099611806002833,-0.08492129246065415
2023-05-22,nighttime,6,0.9816662297438002,5.011094589049596e-4,1.1885245901639245
2023-05-23,daytime,6,0.9362283541928685,0.005970560221558973,3.136270491803301
2023-05-23,nighttime,6,0.871748006808068,0.023618079451760084,0.7741935483870872
2023-05-24,daytime,6,0.019185884381733933,0.9712247045717639,0.02999999999997503
2023-05-24,nighttime,6,0.9275671075893888,0.00767977540375411,0.980000000000005
2023-05-25,daytime,6,0.7209575981531533,0.10593322188697873,4.104109589041081
2023-05-25,nighttime,6,0.9443377792403772,0.00456119557869116,2.6923076923076232
2023-05-26,daytime,6,-0.820962313302238,0.04521225872653061,-6.335403726708188
2023-05-26,nighttime,6,NA,NA,NA
2023-05-27,daytime,6,-0.39070190053016507,0.44376707619225747,-0.5833333333332995
2023-05-27,nighttime,6,0.6548746135663536,0.15811309172406815,0.9746835443037971
2023-05-28,daytime,6,-0.26854307776478675,0.6068684270222232,-5.999999999999844
2023-05-28,nighttime,6,0.8284914443451246,0.041600299076311235,1.5894736842105366
2023-05-29,daytime,6,-0.8523629469423435,0.03108604891779993,-2.1500000000000825
2023-05-29,nighttime,6,0.8140638795573711,0.04864424715527738,2.2560000000000056
2023-05-30,daytime,6,0.808221204392461,0.051641933298276384,5.7881355932203125
2023-05-30,nighttime,6,0.35437465393117007,0.49068945086171384,0.5999999999999479
2023-05-31,daytime,6,0.8680852309970306,0.024954501580972194,1.241567912488614
2023-05-31,nighttime,6,0.9325971376500118,0.006661608262175298,1.1323529411764288
2023-06-01,daytime,6,-0.8036794589762165,0.05402936316189976,-0.6820349761526683
2023-06-01,nighttime,6,0.8992750703616273,0.014707314212476416,1.0108695652173758
2023-06-02,daytime,6,-0.9462308406927715,0.004258957125968347,-0.8020527859237684
2023-06-02,nighttime,6,0.964507549284997,0.001867215917080403,2.151260504201638
2023-06-03,daytime,6,0.5195009815538126,0.29085031996051436,0.9862225586676853
2023-06-03,nighttime,6,0.8094643466277568,0.05099716532853587,0.5263983272347087
2023-06-04,daytime,6,0.19943100880437825,0.7048194443548839,0.6363636363634542
2023-06-04,nighttime,6,0.8490432459447552,0.03246191554496052,0.5909090909090841
2023-06-05,daytime,6,-0.09352127434832246,0.8601270677070054,-0.10608203677513173
2023-06-05,nighttime,6,0.6831861995086529,0.13465701979381464,0.5265822784809975
2023-06-06,daytime,6,0.8432167351853478,0.03494454408996789,2.1300992282249807
2023-06-06,nighttime,6,0.9837611567526388,3.9340895329270615e-4,1.5117241379310107
2023-06-07,daytime,6,0.9030108040533914,0.013654172161578763,6.3883495145631315
2023-06-07,nighttime,6,0.937150598974212,0.005800941763386411,1.7692307692307596
2023-06-08,daytime,6,0.9771224985603844,7.790832940027325e-4,6.417229729729793
2023-06-08,nighttime,6,0.9594338911119771,0.0024350358046716734,2.5211267605632677
2023-06-09,daytime,6,0.9581690078987216,0.0025881492480683854,5.556179775281076
2023-06-09,nighttime,6,0.8852478195461659,0.018996562412214892,2.026022304832661
2023-06-10,daytime,6,-0.44981312369444454,0.3707860743501162,-0.6331143525219968
2023-06-10,nighttime,6,0.9654784976944261,0.0017670309560402697,2.750733137829888
2023-06-11,daytime,6,-0.9042945278121782,0.013300997183776062,-2.5898319689788796
2023-06-11,nighttime,6,0.9432999601477859,0.004731199455183135,2.0666666666665203
2023-06-12,daytime,6,0.07698587223412424,0.8847493325265795,0.4445331205107509
2023-06-12,nighttime,6,0.7838367176906132,0.0650395631386342,1.535999999999945
2023-06-13,daytime,6,0.25025029137186783,0.6324605512583148,0.16325196163905362
2023-06-13,nighttime,6,0.5907947710825334,0.21691289236800754,1.0999999999999577
2023-06-14,daytime,6,-0.6374042688927324,0.17337723903099359,-1.413697788697797
2023-06-14,nighttime,6,0.9353964957856524,0.006125604130499216,3.3248730964465416
2023-06-15,daytime,6,-0.44841845441715805,0.3724561102938659,-0.6657281553398068
2023-06-15,nighttime,6,0.8673154766041388,0.025239806482020358,1.487179487179366
2023-06-16,daytime,6,0.5603591137374102,0.2474383648477665,4.616113744075879
2023-06-16,nighttime,6,0.5685005652747652,0.2391168231892593,0.9607843137255132
2023-06-17,daytime,6,0.418367774777217,0.4090621272862544,2.308480894687841
2023-06-17,nighttime,6,0.2742469561698138,0.5989428135407182,0.4126984126984106
2023-06-18,daytime,6,0.631972973655858,0.17824233175292042,1.8020689655172262
2023-06-18,nighttime,6,0.966771260864033,0.0016378789155678008,1.7817403708986979
2023-06-19,daytime,6,0.8677218312746225,0.02508900133262834,0.5333333333333085
2023-06-19,nighttime,6,0.6006121629021193,0.20741266099774408,2.891304347826292
2023-06-20,daytime,6,0.8174238913695961,0.04695805392590068,0.9545454545453863
2023-06-20,nighttime,6,0.2879934568629823,0.5799529366530864,0.7920792079209399
2023-06-21,daytime,6,0.4206342337287068,0.4062607211981428,0.08256880733946528
2023-06-21,nighttime,6,-0.7023212455598994,0.11972991099031931,-0.3401759530791618
2023-06-23,daytime,6,0.07127254026176026,0.8932722138412985,0.01432378414390126
2023-06-23,nighttime,6,NA,NA,NA
2023-06-24,daytime,6,0.11079960363572885,0.8344807131034007,0.2458100558659353
2023-06-24,nighttime,6,0.6334991887370167,0.17686955121577153,0.6242774566474053
2023-06-25,daytime,6,0.675211036428482,0.14110115816414578,0.3461538461538779
2023-06-25,nighttime,6,0.9775898005717002,7.476981656306565e-4,1.8124999999999123
2023-06-26,daytime,6,-0.9171870183267348,0.010003019603080828,-0.48711340206186116
2023-06-26,nighttime,6,0.2263479546725417,0.6662763552550954,0.09677419354841006
2023-06-27,daytime,6,0.22281786784776764,0.6713044069467046,0.8376623376623068
2023-06-27,nighttime,6,0.33218191941495867,0.5200543991901114,0.7999999999999473
2023-06-28,daytime,6,-0.8347870029132347,0.03868822960770454,-1.3400000000000676
2023-06-28,nighttime,6,0.8443228110181511,0.0344666322797345,1.5085714285714122
2023-06-29,daytime,6,-0.074601308687459,0.8883056283615858,-0.3101265822784874
2023-06-29,nighttime,6,0.7589540594325256,0.0801519545219312,1.7399103139013568
2023-06-30,daytime,6,-0.9638327947015093,0.001938445549506123,-3.9705882352941075
2023-06-30,nighttime,6,0.7027951142718429,0.11936995179766643,0.41666666666666347
2023-07-01,daytime,6,-0.4327442436447135,0.39140311825426866,-1.0512897420516079
2023-07-01,nighttime,6,-0.28284271247461995,0.587049639787055,-0.23999999999997287
2023-07-02,daytime,6,-0.45430640481088713,0.36542352113399523,-0.768101367658896
2023-07-02,nighttime,6,0.9331782593123505,0.00654853316117669,1.8119402985074637
2023-07-03,daytime,6,-0.04953471049447724,0.9257587056093465,-0.10123119015046263
2023-07-03,nighttime,6,0.9795510399566018,6.229644820577493e-4,1.7391304347825494
2023-07-04,daytime,6,0.8878428835538344,0.018163403702110757,6.862500000000306
2023-07-04,nighttime,6,-0.2947148201386039,0.570726766601783,-0.2336448598130358
2023-07-05,daytime,6,-0.3109616609198892,0.5485920625145883,-1.2258823529412242
2023-07-05,nighttime,6,0.28469815789728187,0.584490588902087,0.07132667617689468
2023-07-06,daytime,6,0.36066429451688414,0.48246093552041924,0.3754152823920534
2023-07-06,nighttime,6,0.8738276637974876,0.02287489000405802,1.1581395348836319
2023-07-07,daytime,6,0.2687419628000696,0.6065916294128887,1.546798029556648
2023-07-07,nighttime,6,0.9699904873520279,0.0013373434279059357,1.6186046511627596
2023-07-08,daytime,6,-0.6082627043787338,0.20012953090854926,-0.7065055454394978
2023-07-08,nighttime,6,0.8620651073333289,0.027226874901205282,0.8770731707316656
2023-07-09,daytime,6,0.5159265003629069,0.2947749470576806,4.221327967807164
2023-07-09,nighttime,6,0.9794021097278125,6.320400602862264e-4,1.52392344497603
2023-07-10,daytime,6,0.9403642752689498,0.005228584664235289,4.990187332738598
2023-07-10,nighttime,6,0.9743751086029049,9.765394876307316e-4,1.707401032702189
2023-07-11,daytime,6,0.6109887465339252,0.1975601440823645,4.991304347826513
2023-07-11,nighttime,6,0.7961609437600399,0.05809074810227209,1.4093023255813948
2023-07-12,daytime,6,-0.12884963878102393,0.8077951374599409,-0.052347242921017376
2023-07-12,nighttime,6,0.9680423404627061,0.0015156189535907455,1.7539267015706048
2023-07-13,daytime,6,-0.09107345884364873,0.8637675104403331,-0.1575931232091817
2023-07-13,nighttime,6,0.946733843313664,0.004180359579844048,2.3055555555553546
2023-07-14,daytime,6,0.48574456552014705,0.3286883283727393,1.3399503722084827
2023-07-14,nighttime,6,0.9784632757008994,6.907510455728092e-4,2.8217821782176857
2023-07-15,daytime,6,0.07172537313392094,0.8925964369356026,0.04222176675547661
2023-07-15,nighttime,6,0.9816919146824763,4.997106751578756e-4,2.4274809160305453
2023-07-16,daytime,6,0.5579532510025798,0.24991884739306716,1.9006849315068692
2023-07-16,nighttime,6,0.9868824398815849,2.569770033905338e-4,2.103225806451596
2023-07-18,daytime,6,0.8919534642806815,0.016880410281600523,2.0729927007300786
2023-07-18,nighttime,6,0.742801352547919,0.09071972396236423,2.682095006090141
2023-07-19,daytime,6,0.9759793135553483,8.585601774103646e-4,1.8703071672355396
2023-07-19,nighttime,6,0.9386324126371516,0.00553341659088228,2.4062038404726684
2023-07-20,daytime,6,NA,NA,NA
2023-07-20,nighttime,6,0.9725698468669141,0.0011183005453252238,1.841648590021594
2023-07-21,daytime,6,-0.9867403785993641,2.6256070239377596e-4,-3.962025316455614
2023-07-21,nighttime,6,0.9318655986653335,0.006805294916479658,3.0999999999996835
2023-07-22,daytime,6,0.8816409140857769,0.02018427111326364,2.9420035149386394
2023-07-22,nighttime,6,0.9690631855178925,0.0014208251318536265,1.6136363636362427
2023-07-23,daytime,6,0.9828560151322592,4.3835487812842724e-4,13.680000000000193
2023-07-23,nighttime,6,0.9869758929912118,2.5333642259843325e-4,3.232989690721441
2023-07-24,daytime,6,0.49705012174770913,0.3158251265355066,1.8529411764705779
2023-07-24,nighttime,6,0.8069056786226897,0.05232832428080808,1.3920000000000166
2023-07-25,daytime,6,-0.18243221372619695,0.7293874894210515,-0.3559999999999958
2023-07-25,nighttime,6,0.9360703244392167,0.0059998647247184005,3.5353159851300813
2023-07-26,daytime,6,-0.49783447701246963,0.31493972540072984,-0.9142259414226093
2023-07-26,nighttime,6,-0.3564445574817311,0.4879767895119829,-0.47191011235942437
2023-07-27,daytime,6,-0.3579784541556743,0.4859695329133833,-0.36278342455043494
2023-07-27,nighttime,6,0.8848361632548977,0.01913037169682138,1.907514450867053
2023-07-28,daytime,6,-0.6315929777499713,0.17858481271095683,-0.7066048034934594
2023-07-28,nighttime,6,0.9677652747223775,0.0015418690814871718,1.7477203647415915
2023-07-29,daytime,6,0.6250557260935108,0.1845193782790469,1.7065637065636936
2023-07-29,nighttime,6,0.9330944597889388,0.006564780615084626,1.7800586510263077
2023-07-30,daytime,6,0.8605343320101341,0.027819658301919587,6.169590643275358
2023-07-30,nighttime,6,0.8347457135545062,0.03870700584822972,2.5454545454543505
2023-07-31,daytime,6,0.3320450382078846,0.5202370741355208,5.434782608695548
2023-07-31,nighttime,6,0.9329062809339105,0.006601337266717953,3.0769230769228324
2023-08-01,daytime,6,0.8091693019139226,0.05114985374314949,16.750000000002874
2023-08-01,nighttime,6,0.9165296843108591,0.010160159303669834,2.088235294117641
2023-08-02,daytime,6,-0.42882502154851426,0.39619097706309964,-3.4720000000002913
2023-08-02,nighttime,6,0.9201324915781497,0.009313498166102411,3.6923076923076574
2023-08-03,daytime,6,-0.9112202202401306,0.011472899519096115,-8.841584158415918
2023-08-03,nighttime,6,0.8362935534300997,0.038006050906338025,1.3376623376622294
2023-08-04,daytime,6,-0.482219747799116,0.3327370762511703,-0.9000000000001916
2023-08-04,nighttime,6,0.19536478925604184,0.7106810992307266,0.4559999999999887
2023-08-05,daytime,6,-0.6758670092976475,0.1405662316476935,-4.9153846153848955
2023-08-05,nighttime,6,0.9611357153378481,0.002236297991753109,1.4596774193547761
2023-08-06,daytime,6,-0.8678597042220866,0.02503793198336415,-0.9341199606686347
2023-08-06,nighttime,6,0.864780313736419,0.026190342378233998,1.5565610859727628
2023-08-07,daytime,6,-0.39942066269208404,0.4327301662897821,-0.5339174953234294
2023-08-07,nighttime,6,NA,NA,NA
2023-08-08,daytime,6,-0.8507769176933826,0.0317398778360091,-14.500000000000403
2023-08-08,nighttime,6,0.5830951894845308,0.22448339798557412,6.800000000003532
2023-08-09,daytime,6,-0.9106584198474602,0.011616318335339774,-15.585365853658837
2023-08-09,nighttime,6,0.6964612760505138,0.12422025035995292,3.142857142857331
2023-08-10,daytime,6,-0.24094097325368144,0.6455821593802183,-2.9218750000009712
2023-08-10,nighttime,6,0.8084412112446577,0.05152755151984969,3.4615384615381175
2023-08-11,daytime,6,-0.5754706263577352,0.2320823403092136,-7.500000000000364
2023-08-11,nighttime,6,0.8716486382901292,0.023653873288726843,2.485148514851546
2023-08-12,daytime,6,-0.7080330167533849,0.11542275719243619,-3.5756756756756665
2023-08-12,nighttime,6,0.6856294761225059,0.13270880447812114,11.800000000002832
2023-08-13,daytime,6,0.35917035278526926,0.4844115588078537,5.129032258065449
2023-08-13,nighttime,6,0.7430428494079848,0.090557413893607,2.7999999999999363
2023-08-14,daytime,6,-0.3186971731577879,0.5381389396864075,-2.065934065934113
2023-08-14,nighttime,6,0.7267772204775821,0.1017778967430878,2.6410256410254656
2023-08-15,daytime,6,-0.49433051528314303,0.31890218648189494,-0.6973814229249196
2023-08-15,nighttime,6,0.6873174138244743,0.1313700488317212,1.6446700507613132
2023-08-16,daytime,6,0.6396637433153187,0.17136989744675912,4.170967741935567
2023-08-16,nighttime,6,0.941030444179804,0.005113582152719724,1.982935153583585
2023-08-17,daytime,6,-0.4407580497744893,0.3816754424726243,-1.8583433373351175
2023-08-17,nighttime,6,0.9904937376436931,1.3512400015495488e-4,1.706666666666602
2023-08-18,daytime,6,-0.08541389931500273,0.8721907210391373,-2.0714285714292955
2023-08-18,nighttime,6,0.8109960171267567,0.05020791040010387,1.9884393063583947
2023-08-19,daytime,6,NA,NA,NA
2023-08-19,nighttime,6,0.9198201236551801,0.009385488157525719,2.0891089108910395
2023-08-20,daytime,6,-0.1596784121555425,0.762518057597328,-1.1320754716981392
2023-08-20,nighttime,6,0.9162477080584783,0.010227931626607775,3.3124999999999876
2023-08-21,daytime,6,-0.4928676320757279,0.3205618855047861,-5.828947368421888
2023-08-21,nighttime,6,0.9194453769542787,0.00947220956170882,1.4310344827586499
2023-08-22,daytime,6,0.5422411311983686,0.26635464797877245,3.861111111111616
2023-08-22,nighttime,6,0.9423631227199416,0.004887279303424379,4.127272727272527
2023-08-23,daytime,6,-0.30850877617115224,0.5519184082133459,-0.4568527918782028
2023-08-23,nighttime,6,0.8784831152722936,0.021252349286571843,2.1160409556313473
2023-08-24,daytime,6,-0.7300605199412017,0.09946610071392414,-2.551470588235294
2023-08-24,nighttime,6,0.42965552875834745,0.3951747442791502,1.0198019801981288
2023-08-25,daytime,6,0.8431741020271227,0.03496302693807545,21.206896551724725
2023-08-25,nighttime,6,-0.514650235465665,0.29618102933614454,-4.199999999998468
2023-08-26,daytime,6,0.5785071794356449,0.2290438907328902,3.8131868131870412
2023-08-26,nighttime,6,0.8527126814917962,0.030942738576981082,3.275862068965596
2023-08-27,daytime,6,0.8837157415176594,0.01949684361178773,9.551948051948287
2023-08-27,nighttime,6,0.943212392517357,0.0047456832881733,2.4102564102562796
2023-08-28,daytime,6,0.6451052748242189,0.16657585642497139,10.857142857142719
2023-08-28,nighttime,6,0.9409319882197882,0.005130499990467387,3.474452554744312
2023-08-29,daytime,6,-0.9158605483709464,0.01032134057296756,-4.656250000000035
2023-08-29,nighttime,6,NA,NA,NA
2023-08-30,daytime,6,-0.28956714177166293,0.5777892637407664,-10.200000000002516
2023-08-30,nighttime,6,NA,NA,NA
2023-08-31,daytime,6,0.2855584426366628,0.5833050712061989,0.3624161073825534
2023-08-31,nighttime,6,0.8254792118542631,0.043028524310542715,0.5000000000000144
2023-09-01,daytime,6,-0.8287405414045902,0.04148320021841088,-8.576923076922984
2023-09-01,nighttime,6,0.9319972391281878,0.006779328079098928,1.040322580645115
2023-09-02,daytime,6,-0.48233271984543213,0.33260703249622786,-4.337078651685928
2023-09-02,nighttime,6,0.9002813819046345,0.014419913055616428,1.8461538461535012
2023-09-03,daytime,6,-0.3516951935605562,0.4942077125942747,-5.024000000001152
2023-09-03,nighttime,6,0.9303748811476242,0.007102726409321484,2.04411764705875
2023-09-04,daytime,6,-0.09864097911566545,0.8525184217988879,-0.7718832891249723
2023-09-04,nighttime,6,0.6499999999999988,0.16231250000000097,1.2999999999999305
2023-09-05,daytime,6,0.391496034013709,0.44275808011270973,5.285714285715009
2023-09-05,nighttime,6,0.9047619047619024,0.013173523377605634,4.0714285714282354
2023-09-06,daytime,6,0.22543927133617858,0.66756982782897,0.15929203539822576
2023-09-06,nighttime,6,0.9458559683863925,0.0043180005629375314,2.3836734693875923
2023-09-07,daytime,6,-0.5009226828633399,0.3114626206792525,-1.0751391465677236
2023-09-07,nighttime,6,0.9267627790889442,0.007849124896158209,3.218749999999651
2023-09-08,daytime,6,-0.3546762456081359,0.4902939231649793,-1.1173913043478179
2023-09-08,nighttime,6,0.38606920319781424,0.4496678924758155,5.600000000002527
2023-09-09,daytime,6,-0.8256713432609267,0.04293675501379537,-1.6874999999999702
2023-09-09,nighttime,6,-0.850736240830843,0.03175673106816673,-7.249999999999656
2023-09-10,daytime,6,0.4173797022153797,0.410285432442792,0.6906779661017008
2023-09-10,nighttime,6,0.9483129356323174,0.003938286578231434,4.571428571427868
2023-09-11,daytime,6,NA,NA,NA
2023-09-11,nighttime,6,0.5932958789676537,0.2144762562468266,2.933333333333057
2023-09-12,daytime,6,-0.2400449294168994,0.6468484885030313,-0.4395879732739509
2023-09-12,nighttime,6,0.8828230280191808,0.0197912182904522,3.3333333333331345
2023-09-13,daytime,6,0.6495379147667599,0.16271298946865495,18.35714285714344
2023-09-13,nighttime,6,NA,NA,NA
2023-09-14,daytime,6,-0.7125951676675428,0.11203226593300153,-14.058823529410155
2023-09-14,nighttime,6,0.5764157928244455,0.2311348732909514,2.4339622641514715
2023-09-15,daytime,6,-0.9820411876937902,4.8088238062511993e-4,-12.74999999999943
2023-09-15,nighttime,6,0.7121270218311684,0.11237813791873655,2.7499999999997873
2023-09-16,daytime,6,-0.7144600474863009,0.11065912304211267,-1.0014326647564704
2023-09-16,nighttime,6,0.6318326583229148,0.17836876263731102,1.7524752475249545
2023-09-17,daytime,6,-0.893603906357834,0.01637798437461458,-18.896551724134156
2023-09-17,nighttime,6,0.7695510077867727,0.0735409098908289,1.584158415841627
2023-09-18,daytime,6,-0.8744827739285379,0.022643125845250328,-5.551181102362181
2023-09-18,nighttime,6,0.6939760615698366,0.1261463058271563,3.448275862067863
2023-09-19,daytime,6,-0.9268376222829063,0.007833290914271504,-7.124999999999909
2023-09-19,nighttime,6,0.8833390017694455,0.019620817005690447,0.8913043478259766
2023-09-20,daytime,6,-0.7182463459387214,0.10789415832413121,-9.548387096776205
2023-09-20,nighttime,6,0.8534918135881963,0.030624599653061305,1.6250000000000002
2023-09-21,daytime,6,-0.6399556326203287,0.17111129364111896,-3.761363636363084
2023-09-21,nighttime,6,0.7513561621988792,0.0850495888769943,7.399999999994985
2023-09-22,daytime,6,-0.557578821180817,0.25030576278540045,-6.285714285714474
2023-09-22,nighttime,6,NA,NA,NA
2023-09-23,daytime,6,0.44992127066585813,0.3706566841495813,0.5128205128204988
2023-09-23,nighttime,6,0.6107893935757607,0.1977475800817508,0.3072289156626074
2023-09-24,daytime,6,-0.9159291318091392,0.010304763615627746,-8.724832214765188
2023-09-24,nighttime,6,0.9301494542074507,0.007148244266030645,0.787234042553167
2023-09-25,daytime,6,-0.8648003318970685,0.02618277137883159,-1.1869688385269617
2023-09-25,nighttime,6,0.8853603087185381,0.018960075978896127,1.6304347826086243
2023-09-26,daytime,6,-0.9680037307847025,0.0015192635953639253,-5.780669144981103
2023-09-26,nighttime,6,0.7316025497145976,0.09838848774159231,2.250000000000135
2023-09-27,daytime,6,-0.7197625729022245,0.10679557821009782,-4.5853658536586845
2023-09-27,nighttime,6,-0.11952286093344121,0.8215694433207914,-0.19999999999996546
2023-09-28,daytime,6,-0.2813117423384336,0.58916337120043,-0.2676056338028318
2023-09-28,nighttime,6,0.8929282773893109,0.01658277662015804,2.1980198019800237
2023-09-29,daytime,6,0.561360891423829,0.24640838315162086,0.35714285714285904
2023-09-29,nighttime,6,0.6939857868884758,0.12613874355830676,1.8051948051946327
2023-09-30,daytime,6,-0.48315075334301155,0.33166593359755275,-1.7142857142856716
2023-09-30,nighttime,6,0.8191481657625325,0.046103483549765685,1.187499999999999
2023-10-01,daytime,6,-0.8112786678590076,0.05006288674490126,-1.156250000000153
2023-10-01,nighttime,6,0.7765243288027689,0.06933172220731242,1.5714285714282854
2023-10-02,daytime,6,0.02510614089712467,0.9623487010844728,0.0526315789473608
2023-10-02,nighttime,6,0.66467068703804,0.14981544446408857,2.733333333333097
2023-10-03,daytime,6,-0.1901874334505755,0.7181585093611978,-0.8749999999996878
2023-10-03,nighttime,6,0.5017348255342944,0.31055058109922723,1.4716981132075033
2023-10-04,daytime,6,-0.33517920834503645,0.5160590586082103,-0.5961538461539051
2023-10-04,nighttime,6,0.46277347810283637,0.35539340306737605,1.1000000000000474
2023-10-05,daytime,6,-0.5991574872402252,0.20880945079533939,-2.9423076923079647
2023-10-05,nighttime,6,0.6896551724137896,0.12952560580589875,0.6896551724138226
2023-10-06,daytime,6,-0.66900014058907,0.14620903799969193,-0.8258317025440459
2023-10-06,nighttime,6,NA,NA,NA
2023-10-07,daytime,6,-0.8097092929396703,0.05087056390515996,-4.4000000000004915
2023-10-07,nighttime,6,-0.19635227746952577,0.7092566879397022,-0.7999999999998594
2023-10-08,daytime,6,0.5194075207983259,0.29095268293897436,0.1438848920863247
2023-10-08,nighttime,6,0.8655963663790397,0.025882548848008956,1.2171945701356954
2023-10-09,daytime,6,-0.948700646491293,0.0038799352091317733,-3.5354691075512776
2023-10-09,nighttime,6,0.6480786841589945,0.1639804354692427,0.697368421052605
2023-10-10,daytime,6,-0.9298191046447873,0.0072152040895398185,-1.3064516129032562
2023-10-10,nighttime,6,0.8802820864496372,0.02064064699271584,0.8479999999999168
2023-10-11,daytime,6,0.5813183589761817,0.22624521874204817,0.7000000000000606
2023-10-11,nighttime,6,NA,NA,9.030725742258816e-15
2023-10-12,daytime,6,-0.40214734617833786,0.42929711542346927,-0.5200000000001258
2023-10-12,nighttime,6,-0.5447047794019195,0.26375068278641534,-0.23076923076926822
2023-10-13,daytime,6,0.75261747678456,0.08422749740934837,0.29276315789473584
2023-10-13,nighttime,6,0.6546536707079749,0.1583024233754598,0.2500000000000084
2023-10-14,daytime,6,0.4925182813112031,0.32095870621202915,0.13861386138613443
2023-10-14,nighttime,6,0.9079593845004494,0.01231735247024097,0.6499999999999932
2023-10-15,daytime,6,-0.5990422978731292,0.2089202190766241,-0.526315789473739
2023-10-15,nighttime,6,-0.37210420376762354,0.46760475460940026,-0.07692307692309562
2023-10-16,daytime,6,NA,NA,NA
2023-10-16,nighttime,6,-0.8400420031502615,0.03633345363185504,-0.5544554455445453
2023-10-17,daytime,6,-0.8405822544494748,0.03609530369931731,-0.5662650602409461
2023-10-17,nighttime,6,-0.08304547985373072,0.8757181439430374,-0.03448275862066941
2023-10-18,daytime,6,0.7833494518006342,0.06532167682878498,0.4090909090908744
2023-10-18,nighttime,6,-0.04828045495852934,0.9276355884887311,-0.02564102564100881
2023-10-19,daytime,6,0.1849577090047012,0.7257270783752559,0.08000000000000076
2023-10-19,nighttime,6,0.0871489340661143,0.8696075442200669,0.012658227848123212
2023-10-20,daytime,6,-0.396986459617713,0.4358024960534416,-0.2684365781711087
2023-10-20,nighttime,6,0.4763305116224596,0.33954172758230233,0.42857142857143044
2023-10-21,daytime,6,0.23417561712674417,0.6551574612750025,0.16740088105726159
2023-10-21,nighttime,6,0.7059072777254557,0.11701767633663374,4.199999999998713
2023-10-22,daytime,6,0.6429378690899753,0.1684785216441999,0.6825396825396941
2023-10-22,nighttime,6,NA,NA,NA
2023-10-23,daytime,6,-0.6739477780040802,0.14213376295181607,-1.8000000000000629
2023-10-23,nighttime,6,0.753144667880163,0.08388495230543894,1.5000000000000024
2023-10-24,daytime,6,0.8977584024968702,0.01514563308179211,2.2500000000002154
2023-10-24,nighttime,6,0.25,0.6328125,0.06250000000001943
2023-10-25,daytime,6,0.05759360289804938,0.9137051153083882,0.013122059915816595
2023-10-25,nighttime,6,NA,NA,NA
2023-10-26,daytime,6,-0.26771681732815855,0.6080187132654293,-0.0509811855148737
2023-10-26,nighttime,6,-0.34299717028501797,0.5056805487068856,-0.4999999999998211
2023-10-27,daytime,6,-0.13289732880228472,0.8018276031728114,-0.032397201188539615
2023-10-27,nighttime,6,0.888650968864947,0.017907623678404972,2.0344827586205088
2023-10-28,daytime,6,-0.4368964984307352,0.3863523374886641,-0.265957446808545
2023-10-28,nighttime,6,0.6280768420189683,0.18176677642821087,1.4025974025972423
2023-10-29,daytime,6,-0.17961164175746963,0.7334797038458957,-0.06481665014866328
2023-10-29,nighttime,6,0.9279780460099322,0.007593948018535524,1.4022988505746758
2023-10-30,daytime,6,-0.5676308701894501,0.24000039157748615,-0.2349639133921441
2023-10-30,nighttime,6,0.44271887242357333,0.3793081408621503,0.9333333333332948
2023-10-31,daytime,6,0.36051834183723125,0.48265139805320506,0.36206896551731416
2023-10-31,nighttime,6,-0.7876867412323904,0.06283016589865992,-0.8567073170731998
2023-11-01,daytime,6,0.22249707974498756,0.6717617338415528,0.09900990099009117
2023-11-01,nighttime,6,9.522263088183103e-15,0.9999999999999858,3.581544458558155e-14
2023-11-02,daytime,6,-0.7790959107310659,0.06780801799864604,-0.4953271028037421
2023-11-02,nighttime,6,-0.5819876952473748,0.22558088938857257,-0.1693548387096576
2023-11-03,daytime,6,-0.24931560998319166,0.6337750989469919,-0.17266187050358886
2023-11-03,nighttime,6,0.331831824197981,0.5205216562712317,0.2800000000000036
2023-11-04,daytime,6,-0.10443198872211439,0.8439214866539876,-0.1744966442953272
2023-11-04,nighttime,6,0.3657028873603652,0.47589996537868634,0.28571428571424407
2023-11-06,daytime,6,0.9195514245005372,0.00944762943351568,0.8813033359193214
2023-11-06,nighttime,6,-0.489493575439002,0.3244019364733027,-0.4356435643564488
2023-11-07,daytime,6,0.40872444435461047,0.4210532017053636,0.12131423757371589
2023-11-07,nighttime,6,0.7089444480939666,0.11474185830942531,1.2999999999999883
2023-11-08,daytime,6,-0.16403390150236422,0.7561559877514152,-0.05072146917359213
2023-11-08,nighttime,6,0.9255469562056764,0.008108527464535869,2.9333333333334664
2023-11-09,daytime,6,0.7180930994506965,0.10800546866109584,0.5365853658536751
2023-11-09,nighttime,6,NA,NA,NA
2023-11-10,daytime,6,0.7110560552581432,0.11317114162924868,0.9711538461538418
2023-11-10,nighttime,6,NA,NA,NA
2023-11-11,daytime,6,-0.7328409360587402,0.09752684726979449,-2.300000000000164
2023-11-11,nighttime,6,NA,NA,NA
2023-11-12,daytime,6,-0.38723248435508434,0.4481838347731516,-0.3641618497110123
2023-11-12,nighttime,6,0.24112141108520507,0.6453272267176924,0.5000000000000738
2023-11-13,daytime,6,-0.6397043154924281,0.1713339421191346,-0.16919739696312494
2023-11-13,nighttime,6,0.833950388829458,0.039069510813792216,0.7222222222222145
2023-11-14,daytime,6,-0.7059610855575852,0.11697718672874308,-0.5216216216216184
2023-11-14,nighttime,6,-0.28968272975116993,0.5776304255026656,-0.30769230769229317
2023-11-15,daytime,6,NA,NA,NA
2023-11-15,nighttime,6,0.3389596097196256,0.5110327332129665,1.800000000000072
2023-11-16,daytime,6,0.2623360911485565,0.6155228776495527,0.4375000000000042
2023-11-16,nighttime,6,0,1,4.347873490308663e-14
2023-11-17,daytime,6,0.3247595264191769,0.5299867010222473,0.07031250000000203
2023-11-17,nighttime,6,2.648033904766048e-15,0.999999999999996,8.665342270894887e-15
2023-11-18,daytime,6,0.7501937734175192,0.08581037844004533,0.7333333333333418
2023-11-18,nighttime,6,0.7510409442899891,0.08525559988430173,7.600000000000328
2023-11-19,daytime,6,0.4366339622803295,0.38667101809531024,0.16960352422907735
2023-11-19,nighttime,6,0.8630339426736909,0.026854830157596384,7.1999999999974955
2023-11-20,daytime,6,0.783841900133536,0.06503656564522581,0.9565217391304465
2023-11-20,nighttime,6,0.4152273992686986,0.4129543665511498,0.6666666666666126
2023-11-21,daytime,6,NA,NA,NA
2023-11-21,nighttime,6,NA,NA,NA
2023-11-22,daytime,6,0.9221388919541454,0.008857517491461499,0.7936507936507959
2023-11-22,nighttime,6,NA,NA,NA
2023-11-23,daytime,6,0.17514236102602726,0.7399726909920334,0.0613496932515278
2023-11-23,nighttime,6,0.6381449017759622,0.17271817552899404,5.200000000001012
2023-11-24,daytime,6,0.523216643569951,0.2867917924187905,0.4230769230769776
2023-11-24,nighttime,6,NA,NA,-0
2023-11-25,daytime,6,0.03245567418059109,0.9513335826586327,0.015624999999992291
2023-11-25,nighttime,6,NA,NA,NA
2023-11-26,daytime,6,0.37122951333651805,0.46873555048339616,0.36290322580645523
2023-11-26,nighttime,6,-0.6951644327184395,0.12522370428253887,-0.9999999999998744
2023-11-27,daytime,6,-0.8310180268561703,0.04041972858655522,-0.6610878661087783
2023-11-27,nighttime,6,0.8688817933096822,0.024660885124523246,1.22077922077922
2023-11-28,daytime,6,-0.6242671405332435,0.1852406951748394,-1.4554455445544447
2023-11-28,nighttime,6,-0.826874192506064,0.042364307283673575,-4.199999999999339
2023-11-29,daytime,6,-0.8166584397024246,0.04733975828527875,-1.115384615384637
2023-11-29,nighttime,6,-0.6047431568147622,0.2034668705954125,-0.3428571428570798
2023-11-30,daytime,6,-0.5833833511969468,0.2241981905301101,-1.2857142857143546
2023-11-30,nighttime,6,NA,NA,1.8100858287757343e-14
2024-04-01,daytime,6,-0.39556902470516897,0.4375947654988552,-0.12656758012076305
2024-04-01,nighttime,6,0.9184116056061226,0.00971344580010811,2.8448275862068764
2024-04-02,daytime,6,-0.16903085094570006,0.7488684500235312,-0.3333333333330894
2024-04-02,nighttime,6,0.4800000000000021,0.3352959999999975,1.1520000000000608
2024-04-03,daytime,6,0.8630339426736877,0.02685483015759762,0.3103448275862178
2024-04-03,nighttime,6,0.7519124174907411,0.0846865940271235,3.285714285714013
2024-04-04,daytime,6,0.5925345379666708,0.21521679532627147,0.4827586206896171
2024-04-04,nighttime,6,0.91124042283261,0.011467758182516066,2.7542372881356125
2024-04-05,daytime,6,-0.38019876521740187,0.4571809272432515,-0.7272727272727895
2024-04-05,nighttime,6,0.2750050355386954,0.5978914554213373,1.6000000000000438
2024-04-06,daytime,6,-0.5944581314458929,0.21334774978652213,-0.6607773851590207
2024-04-06,nighttime,6,0.7856823791184211,0.06397604088219894,0.20431654676258615
2024-04-07,daytime,6,-0.8657997546340152,0.02580610531199411,-0.16882896427965283
2024-04-07,nighttime,6,0.3340383700311463,0.5175787183017028,0.16530612244898138
2024-04-08,daytime,6,-2.118429017836113e-14,0.9999999999999682,-1.0220711998920826e-13
2024-04-08,nighttime,6,0.8640891354248623,0.026452388017118297,0.9511533242876434
2024-04-09,daytime,6,0.4894935754389859,0.32440193647332105,0.21782178217822548
2024-04-09,nighttime,6,0.97398151933186,0.0010066352516970483,1.232000000000017
2024-04-10,daytime,6,0.5494422557947672,0.2587712964278171,0.45283018867922814
2024-04-10,nighttime,6,0.4268773811291295,0.3985776439713893,1.3620689655173346
2024-04-11,daytime,6,0.5331139899831783,0.276087318864946,0.23684210526316252
2024-04-11,nighttime,6,-0.507523790735299,0.30407840394427765,-11.600000000004387
2024-04-12,daytime,6,0.17996107385517188,0.7329724978156902,0.15730337078650664
2024-04-12,nighttime,6,0.26840895748565674,0.6070551064823704,0.2777155655095447
2024-04-13,daytime,6,0.8935464156105073,0.016395362973626856,0.3070866141732184
2024-04-13,nighttime,6,0.908619493533449,0.012144063691329102,1.9070631970260083
2024-04-14,daytime,6,0.8195511990815652,0.04590478847550484,0.9655172413793249
2024-04-14,nighttime,6,0.7546222170461071,0.08292825494179651,2.4142857142857617
2024-04-15,daytime,6,NA,NA,NA
2024-04-15,nighttime,6,0.9624149049746376,0.00209241195965563,4.2319999999999185
2024-04-16,daytime,6,-0.01414885792817862,0.9787781293389446,-0.002652519893911421
2024-04-16,nighttime,6,0.9602232451168164,0.0023418181470958176,3.049295774647886
2024-04-17,daytime,6,0.4077177531500994,0.4223115991081059,0.05194805194806303
2024-04-17,nighttime,6,0.5762542997137491,0.23129665012379158,1.7173913043478453
2024-04-18,daytime,6,0.8652066606056271,0.026029319957856626,0.3915662650602274
2024-04-18,nighttime,6,0.7825596104271108,0.06578015859837416,1.8833087149187742
2024-04-19,daytime,6,-0.06657483228490559,0.9002852883345462,-0.3229398663698368
2024-04-19,nighttime,6,0.6366451796677909,0.1740538146339386,4.344827586207003
2024-04-20,daytime,6,-0.8782328658183598,0.021338117495341244,-3.9334975369456733
2024-04-20,nighttime,6,0.5569654312561365,0.2509401132368728,1.2059282371294757
2024-04-21,daytime,6,0.99556400745297,2.9473399019020025e-5,1.9208140610545774
2024-04-21,nighttime,6,-0.6177086601140428,0.1912846999574322,-1.701369863013624
2024-04-22,daytime,6,0.468521285665816,0.3486411394402064,0.2195121951219153
2024-04-22,nighttime,6,0.47396939069094074,0.3422838108640483,0.2631578947368409
2024-04-23,daytime,6,0.21166912293340134,0.6872381079879875,0.28260869565216934
2024-04-23,nighttime,6,0.8821499452643542,0.02001456488067496,1.3905013192611844
2024-04-24,daytime,6,-0.9247323664449152,0.008284621265649291,-3.5800344234079224
2024-04-24,nighttime,6,0.582597124223986,0.22497669950350033,5.3965517241378995
2024-04-25,daytime,6,0.9639547489144372,0.0019254741100015542,0.5916069600818809
2024-04-25,nighttime,6,0.9160918502837551,0.010265485464000575,3.377855887521944
2024-04-26,daytime,6,-0.2927700218845609,0.5733922538253542,-0.6000000000003438
2024-04-26,nighttime,6,0.8417975110133747,0.03556229315817638,2.14234875444839
2024-04-27,daytime,6,0.894427190999916,0.016130089900092504,0.7999999999999827
2024-04-27,nighttime,6,0.9451345393829497,0.004432749633429666,3.83333333333315
2024-04-28,daytime,6,0.8040844011283508,0.053814476258452315,1.0344827586207126
2024-04-28,nighttime,6,0.6288990319646943,0.1810206355293115,3.8461538461538667
2024-04-29,daytime,6,0.879209644565262,0.021004280585724403,0.8043478260869837
2024-04-29,nighttime,6,0.5575439562562705,0.25034180223766217,3.000000000000253
2024-04-30,daytime,6,NA,NA,NA
2024-04-30,nighttime,6,0.31622776601683794,0.5414697392755848,0.06250000000002526
2024-05-01,daytime,6,0.523735616084533,0.28622665258750035,3.152542372881468
2024-05-01,nighttime,6,-0.004644686348291214,0.9930330205777309,-0.025974025973778448
2024-05-02,daytime,6,-0.0906579015232546,0.8643856997936528,-0.3012448132780368
2024-05-02,nighttime,6,0.8003117018171004,0.05583179762353525,0.41148325358852783
2024-05-03,daytime,6,-0.8193740304021345,0.045992083298414824,-0.5636580572711976
2024-05-03,nighttime,6,0.6265732079832353,0.1831346243215542,0.7375000000000081
2024-05-04,daytime,6,-0.6615721899346303,0.1524194330077753,-5.157360406091524
2024-05-04,nighttime,6,-0.007954314347268579,0.9880687801182729,-0.017241379310246028
2024-05-05,daytime,6,-0.6659219212448813,0.1487693237721775,-4.525510204081774
2024-05-05,nighttime,6,0.651126994525108,0.1613374800720755,7.333333333333008
2024-05-06,daytime,6,-0.814638221140846,0.04835406192659331,-1.5542763157894868
2024-05-06,nighttime,6,0.06869350879814415,0.8971218122039349,0.1186440677965925
2024-05-07,daytime,6,0.3980148760840102,0.43450361665291853,0.23762376237622931
2024-05-07,nighttime,6,0.4630478002389562,0.3550700950625948,1.4642857142858916
2024-05-08,daytime,6,0.9704443067164171,0.0012973994827513303,0.3813186813186776
2024-05-08,nighttime,6,0.6296772467053923,0.1803155771915124,1.037974683544295
2024-05-09,daytime,6,-0.9193456521700919,0.009495352476018274,-2.156812339331654
2024-05-09,nighttime,6,0.29193710406056644,0.57453484550264,0.12499999999999788
2024-05-10,daytime,6,0.9571805251796498,0.0027110062233507985,0.34132738427216563
2024-05-10,nighttime,6,0.929221130878214,0.007337183850051346,0.9434447300770831
2024-05-11,daytime,6,-0.897963713654684,0.015085935110531171,-0.8728813559321956
2024-05-11,nighttime,6,0.8584277861565528,0.028645293478823775,0.6489104116222928
2024-05-12,daytime,6,-0.5558160329580746,0.2521304805323555,-0.7867647058823455
2024-05-12,nighttime,6,0.7319250547113921,0.09816377187345908,0.37500000000000705
2024-05-13,daytime,6,0.671709747101515,0.14397107790885588,3.820512820512281
2024-05-13,nighttime,6,0.940938815045131,0.005129326043745009,2.062500000000015
2024-05-14,daytime,6,NA,NA,-1.5004027095288238e-14
2024-05-14,nighttime,6,0.44721359549995793,0.373900966300059,2.399999999999339
2024-05-15,daytime,6,-0.8799489358703723,0.020753283543359292,-3.191747572815505
2024-05-15,nighttime,6,NA,NA,NA
2024-05-16,daytime,6,-0.4071070070540147,0.4230756563273625,-3.00000000000043
2024-05-16,nighttime,6,0.7146489991736937,0.11052041025538936,2.5599999999999277
2024-05-17,daytime,6,-0.6259157301937478,0.18373406440540146,-3.5862068965518996
2024-05-17,nighttime,6,0.6080608146833164,0.2003203588467421,8.100000000000113
2024-05-18,daytime,6,-0.6370491421972514,0.1736936260820269,-1.9291705498602234
2024-05-18,nighttime,6,0.7416934585848219,0.09146600469278784,2.7623762376237724
2024-05-19,daytime,6,-0.6433044387898706,0.168156089591883,-3.7142857142858015
2024-05-19,nighttime,6,0.7500375028127357,0.0859128903614371,0.9900990099008836
2024-05-20,daytime,6,-0.8920435083345069,0.016852811054282265,-6.0593220338983125
2024-05-20,nighttime,6,0.4071282656086822,0.42304905373673724,2.9333333333327287
2024-05-21,daytime,6,-0.7362783870862102,0.09515283469735389,-2.584633853541468
2024-05-21,nighttime,6,0.9489874607059896,0.0038370443137494712,2.507936507936294
2024-05-22,daytime,6,-0.9032539349282742,0.01358693969682242,-0.6262540538902208
2024-05-22,nighttime,6,0.8932872611523663,0.01647381149550268,2.934210526315599
2024-05-23,daytime,6,-0.8318919271088213,0.04001509193892974,-2.1283524904214564
2024-05-23,nighttime,6,0.05364417807858231,0.9196109187498656,0.26666666666667094
2024-05-24,daytime,6,-0.4236798094431166,0.40250651915656765,-1.6428571428572276
2024-05-24,nighttime,6,0.6885661558614856,0.1303834128081539,0.9863945578230997
2024-05-25,daytime,6,0.41609637211120104,0.41187611228721227,0.24690836701453897
2024-05-25,nighttime,6,0.9522181385660755,0.00337011388913125,0.9282758620689545
2024-05-26,daytime,6,0.16611640099858446,0.7531173611955363,0.03906093237910434
2024-05-26,nighttime,6,0.9388122178387731,0.005501375192785132,1.5487179487178955
2024-05-27,daytime,6,-0.533323877386072,0.2758620013067772,-1.0169604998884427
2024-05-27,nighttime,6,0.5901726340613239,0.21752071616093602,0.804532577903718
2024-05-28,daytime,6,0.19268528900362833,0.7145490396470685,2.4159999999999875
2024-05-28,nighttime,6,0.550789953651489,0.2573615260606919,2.092105263157946
2024-05-29,daytime,6,-0.4871698683452518,0.3270563013216991,-5.393063583815438
2024-05-29,nighttime,6,0.639485889473193,0.17152754995184646,1.0714285714285214
2024-05-30,daytime,6,-0.21195064737593608,0.6868347665540786,-0.9733333333334582
2024-05-30,nighttime,6,0.6914672510304798,0.1281036905315472,0.7017045454545471
2024-05-31,daytime,6,0.9218558840276683,0.008921160657764365,8.453924914675934
2024-05-31,nighttime,6,0.9707552667298274,0.001270375792310669,2.568914956011648
2024-06-01,daytime,6,0.5234893269864409,0.28649479860221816,0.6218905472636814
2024-06-01,nighttime,6,0.7641740798034461,0.07686320155302641,1.7659574468084889
2024-06-02,daytime,6,-0.8643979375648657,0.026335159112021944,-9.681818181817643
2024-06-02,nighttime,6,NA,NA,NA
2024-06-03,daytime,6,-0.38367395906272117,0.4527285595802688,-0.30001688333615323
2024-06-03,nighttime,6,0.08419608594291966,0.874004303307672,0.3246753246752991
2024-06-04,daytime,6,-0.19673039125868289,0.7087114262132763,-0.1711207351853826
2024-06-04,nighttime,6,0.8088575194043445,0.051311433762873074,4.73333333333286
2024-06-05,daytime,6,-0.47513412428656265,0.34093015657698933,-0.7605585243923767
2024-06-05,nighttime,6,0.6241542893771077,0.18534401508860412,5.499999999999785
2024-06-06,daytime,6,0.06216354363745083,0.9068747940260509,0.0821205821205783
2024-06-06,nighttime,6,NA,NA,NA
2024-06-07,daytime,6,0.7724946145566444,0.07175035906566832,4.612903225806806
2024-06-07,nighttime,6,NA,NA,NA
2024-06-08,daytime,6,0.7194514663400473,0.10702058559373603,4.256544502617712
2024-06-08,nighttime,6,0.9369704898475874,0.005833879454079163,2.244343891402758
2024-06-09,daytime,6,0.005096086987275042,0.9923559356920384,0.0396600566570558
2024-06-09,nighttime,6,0.9676431849257929,0.0015535070207354895,2.6499999999999475
2024-06-10,daytime,6,0.8833461047676441,0.019618476149414758,5.42983751846388
2024-06-10,nighttime,6,0.4507890851250119,0.3696189774572193,0.9798657718120771
2024-06-11,daytime,6,0.745718764148988,0.08876764189484601,2.4485393258427384
2024-06-11,nighttime,6,0.8337632336772757,0.039155045251819634,1.7051482059281529
2024-06-12,daytime,6,-0.003843453120080611,0.9942348487078773,-0.015103338632771968
2024-06-12,nighttime,6,0.9824735427915668,4.5807319375459617e-4,1.2790513833991748
2024-06-13,daytime,6,0.16606447625683127,0.7531930997116267,0.7586206896551697
2024-06-13,nighttime,6,0.9437268507995867,0.004660901810088522,0.9887323943661949
2024-06-14,daytime,6,-0.17605548182953032,0.7386452439761708,-0.8008784773060781
2024-06-14,nighttime,6,0.18373783168644936,0.7274947094757749,0.10434782608695771
2024-06-15,daytime,6,0.9158313946380976,0.010328391089405817,2.029745989304828
2024-06-15,nighttime,6,0.6837845901238472,0.13417874321255696,1.4977168949770956
2024-06-16,daytime,6,0.6163180706497142,0.19257647624630372,2.995967741935494
2024-06-16,nighttime,6,0.866741520424684,0.025453543362708664,1.2082695252679796
2024-06-17,daytime,6,-0.6219883936372275,0.18733159819575784,-4.389705882353442
2024-06-17,nighttime,6,0.9282600470289152,0.007535322109488426,1.3631284916200983
2024-06-19,daytime,6,0.001509857691186417,0.9977352151842092,0.0018618958957275892
2024-06-19,nighttime,6,0.9486940393513587,0.0038809260160166817,1.6869300911853942
2024-06-20,daytime,6,0.09982858381003777,0.850754557447102,0.18023375025630192
2024-06-20,nighttime,6,0.81670663499112,0.04731568259631894,0.4809384164222882
2024-06-21,daytime,6,0.15524721366167335,0.7690000401865199,0.5533949633407645
2024-06-21,nighttime,6,0.9674620144616224,0.0015708564381373042,1.1372549019607687
2024-06-22,daytime,6,0.06691037564092565,0.8997842153598985,0.08829101932550176
2024-06-22,nighttime,6,0.9341432699912604,0.006362849426656579,1.6788732394366164
2024-06-23,daytime,6,0.5030909443719729,0.3090298677997077,0.29272484246705927
2024-06-23,nighttime,6,0.9370080410986895,0.005827004695907597,2.449624060150273
2024-06-24,daytime,6,0.9905814605077882,1.326455751756976e-4,2.1216685979142667
2024-06-24,nighttime,6,0.9833500744107259,4.135221868224013e-4,1.5020920502091615
2024-06-25,daytime,6,-0.8922698662988241,0.01678352635339425,-0.7198027937551551
2024-06-25,nighttime,6,0.9805769232476437,5.622201305391546e-4,0.776381909547722
2024-06-26,daytime,6,-0.9648732390107277,0.001829162738471687,-0.9451423785594653
2024-06-26,nighttime,6,0.8437568593936106,0.03471078103447845,1.2605421686746885
2024-06-27,daytime,6,0.8966865154121358,0.015459146811023155,4.943444730077173
2024-06-27,nighttime,6,0.9428383615746317,0.004807792880374372,1.8725868725868504
2024-06-28,daytime,6,-0.27340311846462595,0.6001136634054819,-0.969180619351066
2024-06-28,nighttime,6,0.9784758097541677,6.899501693177226e-4,1.4869251577997413
2024-06-29,daytime,6,-0.195901098882755,0.7099074234731444,-0.2131147540983977
2024-06-29,nighttime,6,0.8459350582686846,0.03377556619449765,2.9058823529411724
2024-06-30,daytime,6,-0.1893074391626374,0.7194309756181569,-1.3717073170732994
2024-06-30,nighttime,6,0.9528772960785022,0.003278504695476306,4.78504672897177
2024-07-01,daytime,6,0.9166555815024165,0.010129970804376916,2.9391112202307625
2024-07-01,nighttime,6,0.9884255360299937,2.0017701914373508e-4,1.9999999999999514
2024-07-02,daytime,6,0.9496272526583083,0.0037422122631551014,6.500000000000102
2024-07-02,nighttime,6,0.8128717772165059,0.04924912579661186,1.917098445595862
2024-07-03,daytime,6,0.07458009732077324,0.8883372683887703,0.1317990275526631
2024-07-03,nighttime,6,0.8758066088163512,0.02217821828623824,1.437499999999949
2024-07-04,daytime,6,0.41575634202127937,0.4122979222944873,2.7029702970302245
2024-07-04,nighttime,6,0.9791390987080049,6.482267097363714e-4,3.7935483870966475
2024-07-05,daytime,6,0.30189276325598663,0.5609179936947748,1.0000000000001088
2024-07-05,nighttime,6,0.9691668253916969,0.0014113706716346538,3.7068965517242103
2024-07-06,daytime,6,0.03840092299860542,0.9424269290956662,0.06537530266342209
2024-07-06,nighttime,6,0.6777821152873104,0.13900951417026217,1.6683804627248342
2024-07-07,daytime,6,-0.3469966536395082,0.5003953766486855,-3.1558441558441737
2024-07-07,nighttime,6,0.7609132873540042,0.07891029238030822,0.8648648648648529
2024-07-08,daytime,6,0.24345956290363435,0.6420258912696167,2.040404040404111
2024-07-08,nighttime,6,0.8625271203087468,0.02704915325172534,2.6399999999998496
2024-07-09,daytime,6,-0.8984695912404377,0.014939326608062397,-2.190643863179078
2024-07-09,nighttime,6,0.6344989754797513,0.1759726749010773,3.2750642673523305
2024-07-10,daytime,6,-0.356779372736899,0.4875384353694057,-0.28708722132201453
2024-07-10,nighttime,6,0.6231127281770124,0.18629873272241243,8.485714285715165
2024-07-11,daytime,6,0.7674922609525298,0.07480510647623467,3.1248407643311995
2024-07-11,nighttime,6,0.9137931034482757,0.01082711468284887,1.827586206896534
2024-07-12,daytime,6,0.9666738211538698,0.0016474446977940524,5.64685516445479
2024-07-12,nighttime,6,0.9863088399852554,2.798886044837191e-4,2.919580419580436
2024-07-13,daytime,6,0.03202290259895779,0.9519820653051387,0.08459743290546179
2024-07-13,nighttime,6,0.9428166448501288,0.004811411200455441,2.6774193548387237
2024-07-14,daytime,6,-0.014059530712137057,0.9789120935083513,-0.056860321384538164
2024-07-14,nighttime,6,0.8254166036140126,0.0430584481460465,1.2068965517240773
2024-07-15,daytime,6,0.9607586973043231,0.0022796063104762883,5.502415458937381
2024-07-15,nighttime,6,0.6616186884980788,0.1523802143890609,2.4499999999992044
2024-07-16,daytime,6,-0.048925425307024054,0.9266704183672616,-0.053854276663150714
2024-07-16,nighttime,6,0.9197145413616287,0.009409882110205447,3.90624999999979
2024-07-17,daytime,6,0.155953628197781,0.767966073450191,0.8110047846889958
2024-07-17,nighttime,6,0.9192998476915778,0.00950599141454039,2.9272727272723484
2024-07-18,daytime,6,0.6169215568924908,0.19201543321368914,6.015748031496505
2024-07-18,nighttime,6,0.9613743811422465,0.0022090941255970427,4.362416107382223
2024-07-19,daytime,6,0.964390696151951,0.0018794570812039225,7.175999999999957
2024-07-19,nighttime,6,0.930146690137024,0.007148803262915156,5.888888888888627
2024-07-20,daytime,6,0.5578460847173647,0.250029563233494,17.13333333333742
2024-07-20,nighttime,6,0.6466188804519479,0.16525252165223567,6.290322580643557
2024-07-21,daytime,6,-0.8435419243122502,0.034803715427904516,-1.7264150943396743
2024-07-21,nighttime,6,0.8307616261666907,0.04053880956286385,1.2566585956416605
2024-07-22,daytime,6,0.9133642426270717,0.010933498322414104,0.7981530343007947
2024-07-22,nighttime,6,0.8419999380660493,0.035473871037518735,3.1980198019801684
2024-07-23,daytime,6,0.46498582018870993,0.3527889833126337,0.6336939721792897
2024-07-23,nighttime,6,0.9026128973335221,0.013764549943216922,5.999999999999645
2024-07-24,daytime,6,0.6336048083969816,0.1767747134434527,1.854838709677473
2024-07-24,nighttime,6,NA,NA,NA
2024-07-25,daytime,6,0.7737730546804609,0.07097895352844276,6.7736842105265325
2024-07-25,nighttime,6,0.8536795943117472,0.03054815653074239,5.7179487179483335
2024-07-26,daytime,6,0.8563799980806116,0.029458853724637694,6.773413897281248
2024-07-26,nighttime,6,0.856719480115839,0.029323236150402672,6.0693069306931005
2024-07-27,daytime,6,0.8984339100284251,0.014949644782401869,6.074557315936846
2024-07-27,nighttime,6,0.9826263593748413,4.5014302357917807e-4,4.486988847583435
2024-07-28,daytime,6,0.269965620098692,0.6048893108884346,1.68299394606502
2024-07-28,nighttime,6,0.9331560086277769,0.006552845313809866,6.289473684209999
2024-07-29,daytime,6,0.7232605894033582,0.10428004950611734,5.63799283154122
2024-07-29,nighttime,6,0.8611936047145144,0.027563616701727047,6.3684210526312155
2024-07-30,daytime,6,0.8172382710270337,0.047050484475971044,5.380952380952711
2024-07-30,nighttime,6,NA,NA,NA
2024-07-31,daytime,6,0.8034253350199639,0.0541644186878091,12.407079646019673
2024-07-31,nighttime,6,0.9226227244427825,0.008749225892062406,5.916666666666031
2024-08-01,daytime,6,-0.3237244455324708,0.5313760906842658,-9.055555555556849
2024-08-01,nighttime,6,0.905946052861279,0.01285321003275344,4.451612903225563
2024-08-02,daytime,6,-0.3855628091626265,0.45031441535291566,-0.6278343359555847
2024-08-02,nighttime,6,0.9801917085700326,5.8466654016138e-4,3.825581395348791
2024-08-03,daytime,6,0.09004779745210321,0.8652933848693634,0.1599030890369341
2024-08-03,nighttime,6,0.9636960749254044,0.0019530386313465582,3.6116504854367997
2024-08-04,daytime,6,0.7570250524521697,0.08138300295841697,4.954347826087246
2024-08-04,nighttime,6,0.8183488281484868,0.04649873703021652,4.811881188118525
2024-08-05,daytime,6,0.8961327425250716,0.015622329630130704,6.5275964391692565
2024-08-05,nighttime,6,0.9744172863785673,9.733412280838851e-4,4.0668380462722755
2024-08-06,daytime,6,0.5764392336567562,0.2311113950240325,0.8649885583524092
2024-08-06,nighttime,6,0.9467590672388265,0.004176437089874255,1.929648241206003
2024-08-07,daytime,6,-0.18650096164806101,0.7234920525130921,-0.5333333333335669
2024-08-07,nighttime,6,-0.4309050773420664,0.3936474359198482,-2.09090909090991
2024-08-08,daytime,6,-0.8099976712600445,0.05072170128709499,-0.5084745762711652
2024-08-08,nighttime,6,0.7874161069297209,0.06298433113851885,3.9999999999997855
2024-08-09,daytime,6,-0.830029051836314,0.040879944011387746,-5.282474226804124
2024-08-09,nighttime,6,0.8652080129427715,0.026028809958527056,2.603773584905178
2024-08-10,daytime,6,-0.3587681048092875,0.48493718091176424,-0.44421487603305504
2024-08-10,nighttime,6,0.8285027093015205,0.04159500016597035,0.5225806451612619
2024-08-11,daytime,6,0.8274403508692191,0.042096108877292156,0.5753424657534326
2024-08-11,nighttime,6,0.3518213953530073,0.4940418330653679,2.138613861386862
2024-08-12,daytime,6,0.9896068912997517,1.6146374798655793e-4,0.6258823529411789
2024-08-12,nighttime,6,-0.9527068265166065,0.0033020773847353305,-4.280000000000687
2024-08-13,daytime,6,0.439155032826845,0.38361454321089355,0.8571428571428706
2024-08-13,nighttime,6,0.6614950926316417,0.15248446919800107,5.06666666666668
2024-08-14,daytime,6,0.5735196175536182,0.23404297257442874,23.714285714284383
2024-08-14,nighttime,6,0.8261662210056281,0.04270080363096276,17.7999999999941
2024-08-15,daytime,6,0.15815865899978698,0.7647401146131473,2.4822335025369413
2024-08-15,nighttime,6,0.8327178037066185,0.03963444307672625,5.14285714285736
2024-08-16,daytime,6,-0.5209916975008266,0.2892194538446125,-0.7781261826242186
2024-08-16,nighttime,6,0.8945113636684376,0.016104847605410307,2.8103448275858836
2024-08-17,daytime,6,-0.005936249641686156,0.9910957301313988,-0.035663338088533635
2024-08-17,nighttime,6,NA,NA,NA
2024-08-18,daytime,6,0.1577122372463416,0.765393044179854,0.7208985704560983
2024-08-18,nighttime,6,0.9485670317478198,0.0038999962278210365,1.8680203045683674
2024-08-19,daytime,6,0.4739941210040446,0.342255049214564,5.750000000000368
2024-08-19,nighttime,6,0.8880294738880092,0.018104188511440297,3.2719999999999505
2024-08-20,daytime,6,0.4897209774120304,0.3241426011084353,9.583333333333993
2024-08-20,nighttime,6,0.8550717643840109,0.029984239867438436,4.107142857142879
2024-08-21,daytime,6,0.5661847611823554,0.2414724192416757,16.499999999997744
2024-08-21,nighttime,6,0.8201345221958847,0.04561791805251151,0.7653958944281437
2024-08-22,daytime,6,0.3237073525241383,0.531399043381399,2.383233532934069
2024-08-22,nighttime,6,0.8107858114817121,0.05031588965189495,1.7227722772277507
2024-08-23,daytime,6,NA,NA,NA
2024-08-23,nighttime,6,0.8574665002537242,0.029025856891152082,1.322033898305057
2024-08-24,daytime,6,0.5883374888010171,0.21931763036836746,7.550000000000497
2024-08-24,nighttime,6,0.5116806663703529,0.2994623756516802,1.53469387755119
2024-08-25,daytime,6,0.8987824750754563,0.01484899489645715,6.428571428572095
2024-08-25,nighttime,6,0.9344137248916361,0.006311277592074918,1.5217391304347359
2024-08-26,daytime,6,0.5060644576650809,0.3057051798801037,10.00000000000057
2024-08-26,nighttime,6,-0.17370747445018522,0.7420595378909696,-0.09293680297397097
2024-08-27,daytime,6,0.02716957809866392,0.959255660952741,0.3098591549291548
2024-08-27,nighttime,6,0.3480630347024906,0.49898899665240615,0.4255319148935393
2024-08-28,daytime,6,-0.5875029324649859,0.22013676798552567,-0.7244423791821578
2024-08-28,nighttime,6,0.8177957012097803,0.04677316355802629,1.666666666666576
2024-08-29,daytime,6,-0.3627991033356521,0.47967773253935225,-1.9110169491526325
2024-08-29,nighttime,6,0.48626453908387074,0.3280925950097268,0.38095238095238454
2024-08-30,daytime,6,-0.2290365883937145,0.662452490467232,-0.4690865576386397
2024-08-30,nighttime,6,0.48110725206124827,0.3340186716243762,0.2552447552447504
2024-08-31,daytime,6,-0.24648270940004824,0.6377633073993318,-0.32906799083270566
2024-08-31,nighttime,6,0.7377114816825447,0.09417079595823731,1.2844311377245032
2024-09-01,daytime,6,-0.6088545603592262,0.19957053208348902,-0.865366317792596
2024-09-01,nighttime,6,0.8103892814578801,0.05051987331061332,1.0238473767885574
2024-09-02,daytime,6,0.5921853223057678,0.21555681423717243,7.597315436241484
2024-09-02,nighttime,6,0.9541837258084663,0.0031006092909006936,1.9487179487179402
2024-09-03,daytime,6,-0.19917411897716436,0.7051894730150643,-2.7142857142860697
2024-09-03,nighttime,6,0.9720120553248631,0.0011640257416668037,2.2718446601941533
2024-09-04,daytime,6,0.460118394492758,0.3585279963456008,3.8851351351346173
2024-09-04,nighttime,6,0.6713017795364781,0.14430708815229898,1.2579185520361704
2024-09-05,daytime,6,-0.8330417083008056,0.03948561961914258,-4.4507042253522116
2024-09-05,nighttime,6,0.7299464530922377,0.09954602078050893,1.086956521739147
2024-09-06,daytime,6,-0.9562952998003562,0.00282341103747655,-8.894736842105312
2024-09-06,nighttime,6,0.9479028512325613,0.004000470592530911,0.9417475728154975
2024-09-07,daytime,6,-0.5223967635445709,0.28768546955177754,-2.509433962264341
2024-09-07,nighttime,6,0.17815780226456826,0.7355906789642533,0.14138817480721377
2024-09-08,daytime,6,0.38421014519145774,0.45204284040821763,7.892857142856344
2024-09-08,nighttime,6,0.8678871588613892,0.025027768452698308,2.0588235294114443
2024-09-09,daytime,6,0.46333237462503385,0.3547348145282223,1.272727272727303
2024-09-09,nighttime,6,0.8890008890013368,0.017797404893686954,1.3548387096772807
2024-09-10,daytime,6,0.965852313580769,0.0017291875294424444,19.363636363638754
2024-09-10,nighttime,6,-0.5429919841399995,0.265559982139877,-0.727272727272658
2024-09-11,daytime,6,-0.010662578917858262,0.9840067377406523,-0.00927221833450366
2024-09-11,nighttime,6,0.5968030772738008,0.21107822776379812,0.5120000000000362
2024-09-12,daytime,6,-0.10051271638673048,0.8497386556648101,-0.9868421052633758
2024-09-12,nighttime,6,0.9251872672604665,0.008186056095463601,1.633333333333252
2024-09-13,daytime,6,-0.7183855487357057,0.10779309245844618,-5.624000000000131
2024-09-13,nighttime,6,NA,NA,NA
2024-09-14,daytime,6,0.1297474707908869,0.8064709046255119,0.467811158798338
2024-09-14,nighttime,6,0.8067322365000944,0.0524191324625062,1.216000000000045
2024-09-15,daytime,6,-0.8217946566217508,0.04480607020081954,-6.788321167883884
2024-09-15,nighttime,6,0.7585674494892158,0.08039800204279321,1.2307692307692633
2024-09-16,daytime,6,-0.7129930925527934,0.1117386424237951,-4.1063829787231745
2024-09-16,nighttime,6,0.9119818741559422,0.011279839122474933,1.2241379310345013
2024-09-17,daytime,6,0.4608692902798844,0.35764049905271267,0.5064935064934953
2024-09-17,nighttime,6,0.9854080226124475,3.1783520185909144e-4,2.5714285714286107
2024-09-18,daytime,6,NA,NA,NA
2024-09-18,nighttime,6,0.7454993164109753,0.08891381619389482,1.0625000000000175
2024-09-19,daytime,6,-0.12886194844560928,0.8077769795441636,-0.3971291866027943
2024-09-19,nighttime,6,0.9451928235467135,0.004423424259174499,1.6479999999999493
2024-09-20,daytime,6,0.04913204041340461,0.9263612407060413,0.22945205479445696
2024-09-20,nighttime,6,0.9461635504451519,0.004269526156193439,0.9374999999999736
2024-09-21,daytime,6,-0.3743271357569243,0.46473480608080936,-0.49158249158250056
2024-09-21,nighttime,6,0.8177506307136393,0.046795557761282594,0.54430379746832
2024-09-22,daytime,6,0.580799475381801,0.22676075853042268,2.110917030567709
2024-09-22,nighttime,6,0.7813669181805728,0.0664752596421666,1.1610738255032471
2024-09-23,daytime,6,0.5533603668092516,0.254681051152262,2.4664804469273975
2024-09-23,nighttime,6,0.987649968701204,2.2784307602368608e-4,1.0273037542661567
2024-09-24,daytime,6,-0.41104130431400204,0.41816177582984815,-1.6408450704226725
2024-09-24,nighttime,6,0.41137667560372276,0.4177437822224234,4.399999999998557
2024-09-25,daytime,6,-0.6299999627218933,0.1800235337236404,-2.599999999999912
2024-09-25,nighttime,6,0.9584023608417215,0.002559555855333107,1.5102040816326086
2024-09-26,daytime,6,NA,NA,NA
2024-09-26,nighttime,6,0.1726983566819789,0.7435278052505764,0.29411764705888066
2024-09-27,daytime,6,-0.8644782245405382,0.02630472069732742,-0.6341463414634471
2024-09-27,nighttime,6,0.984731927834661,3.4789144057057207e-4,0.8080808080807741
2024-09-28,daytime,6,0.4894935754389843,0.32440193647332305,1.4666666666664279
2024-09-28,nighttime,6,-0.5199075071325207,0.29040523086661973,-0.5932203389830478
2024-09-29,daytime,6,-0.8206652053732657,0.04535766249952531,-0.8620689655172857
2024-09-29,nighttime,6,0.24077170617153706,0.6458213307766518,1.3333333333326771
2024-09-30,daytime,6,-0.794527200399584,0.05899117166740851,-1.7029702970296872
2024-09-30,nighttime,6,0.9498366690564927,0.0037114251630302377,2.057803468208011
2024-10-01,daytime,6,0.374824098597276,0.46409395280371085,8.200000000001427
2024-10-01,nighttime,6,0.4845437118523477,0.33006565056936243,1.7999999999994958
2024-10-02,daytime,6,0.80053576007108,0.05571103408513332,1.692307692307686
2024-10-02,nighttime,6,0.2848406471571081,0.5842941874659666,2.125000000000112
2024-10-03,daytime,6,-0.18400268498677544,0.7271108608761949,-0.1760563380281857
2024-10-03,nighttime,6,NA,NA,NA
2024-10-04,daytime,6,0.5249223545067081,0.2849359339287688,1.1304347826086873
2024-10-04,nighttime,6,0.7943625284113176,0.0590822823784999,9.7999999999968
2024-10-05,daytime,6,0.1681919829838094,0.750090978607508,0.198019801980203
2024-10-05,nighttime,6,NA,NA,NA
2024-10-06,daytime,6,-0.38055086381662634,0.4567291944283603,-3.29245283018895
2024-10-06,nighttime,6,0.5213430169028013,0.28883561039440325,1.4060913705584082
2024-10-07,daytime,6,0.8440397360547942,0.03458864805028771,8.714285714285761
2024-10-07,nighttime,6,0.8411354064179047,0.0358522295838512,1.7039999999999489
2024-10-08,daytime,6,-0.7319040476392787,0.09817840228317086,-4.12048192771103
2024-10-08,nighttime,6,0.9339044310326932,0.006408563003389875,2.697368421052543
2024-10-09,daytime,6,0.525247720094143,0.284582447467939,16.909090909088512
2024-10-09,nighttime,6,0.6111851732440553,0.19737553065404534,1.153846153846027
2024-10-10,daytime,6,-0.7385775645823107,0.09357950912341553,-11.671428571427876
2024-10-10,nighttime,6,0.8705149382958647,0.02406407385437419,1.384615384615368
2024-10-11,daytime,6,-0.9337380425204886,0.006440504080815355,-8.64062499999963
2024-10-11,nighttime,6,0.27984158310354973,0.5911950060559485,0.46551724137933076
2024-10-12,daytime,6,-0.6916888713593051,0.1279302549673572,-4.042553191489454
2024-10-12,nighttime,6,0.5690721579724808,0.23853681489143974,0.6455696202530834
2024-10-13,daytime,6,-0.3501879056005833,0.4961901877935198,-0.28144078144078827
2024-10-13,nighttime,6,-0.2431322695419354,0.6424877711415385,-0.2068965517240818
2024-10-14,daytime,6,-0.9126314819537817,0.011116433701103086,-5.7331378299121525
2024-10-14,nighttime,6,NA,NA,NA
2024-10-15,daytime,6,0.02472766019844352,0.9629160696550074,0.029197080291971433
2024-10-15,nighttime,6,-0.6971370023173241,0.1236987880871182,-0.4319999999999609
2024-10-16,daytime,6,0.597111896587916,0.21078007425774814,0.27731092436974997
2024-10-16,nighttime,6,0.9336169743204382,0.006463793905514741,1.5070422535211256
2024-10-17,daytime,6,-0.3936931031550757,0.43997043075873865,-0.671641791044742
2024-10-17,nighttime,6,0.9476332318507094,0.004041615480847928,1.5140845070422608
2024-10-18,daytime,6,-0.26843293206276375,0.6070217356620693,-0.4999999999999265
2024-10-18,nighttime,6,-0.5251504931816479,0.2846880600894757,-0.12337662337659994
2024-10-19,daytime,6,-1.2830902167419266e-14,0.9999999999999807,-2.787466908796737e-14
2024-10-19,nighttime,6,-0.4245959139474266,0.4013795635755307,-0.1126760563380132
2024-10-20,daytime,6,-0.2236067977499782,0.6701799733187821,-0.4999999999998172
2024-10-20,nighttime,6,0.5773502691896327,0.23019964108049187,0.25000000000004774
2024-10-21,daytime,6,0.07293552670980527,0.8907907035230831,0.30188679245297556
2024-10-21,nighttime,6,0.7592566023653048,0.07995964654557661,0.4666666666666966
2024-10-22,daytime,6,0.4912339811438083,0.32241906672418313,0.9473684210527602
2024-10-22,nighttime,6,0.7281731253851152,0.1007921511809386,0.5841584158415687
2024-10-23,daytime,6,0.47980360566394425,0.33552274538868476,0.530066815144795
2024-10-23,nighttime,6,0.5059644256269413,0.30581680803983663,0.5000000000000115
2024-10-24,daytime,6,0.4616566296045342,0.3567107657538591,0.9444444444445141
2024-10-24,nighttime,6,NA,NA,NA
2024-10-25,daytime,6,-0.9628427902539696,0.0020453366503323804,-0.33022549869904727
2024-10-25,nighttime,6,0.6350006350009473,0.1755233690713484,1.2903225806451575
2024-10-26,daytime,6,0.8075043012375102,0.05201546607684555,4.271186440678248
2024-10-26,nighttime,6,0.9179753432010727,0.009816133721212457,1.5131578947368127
2024-10-27,daytime,6,-0.6894587860740473,0.1296801160488973,-2.653465346534719
2024-10-27,nighttime,6,0.8268741925060653,0.042364307283672936,1.4000000000000377
2024-10-28,daytime,6,0.4576928649440492,0.3614000845586697,0.90000000000004
2024-10-28,nighttime,6,NA,NA,NA
2024-10-29,daytime,6,-0.8705979255292927,0.02403393311962191,-5.275862068965274
2024-10-29,nighttime,6,0.7348469228349553,0.09613828491300591,1.19999999999995
2024-10-30,daytime,6,0.1090488267090296,0.8370751449915006,0.06774635036495802
2024-10-30,nighttime,6,0.4879500364742746,0.3261642353450514,0.3571428571428201
2024-10-31,daytime,6,0.6462289388070878,0.16559302032437098,0.5661961083555841
2024-10-31,nighttime,6,-0.3318318241979806,0.520521656271232,-0.6999999999996833
