date,period,n,r,p,slope
2016-08-31,daytime,6,0.9456475955343597,0.004350992308478258,11.69516728624569
2016-08-31,nighttime,6,0.7741329119968878,0.07076250109677393,1.2069126576366211
2016-09-01,daytime,6,0.6836639408576203,0.13427511563749375,1.7328767123288396
2016-09-01,nighttime,6,-0.02978115485214104,0.9553414744307922,-0.13310580204775935
2016-09-02,daytime,6,0.7313437822402487,0.09856895748366425,0.48169014084506884
2016-09-02,nighttime,6,NA,NA,NA
2016-09-03,daytime,6,0.8123652033228016,0.049507213418538545,0.9273255813953443
2016-09-03,nighttime,6,0.6595881847581256,0.15409681064472597,5.514285714285107
2016-09-04,daytime,6,0.11637351602893489,0.826227737305656,0.1408450704224775
2016-09-04,nighttime,6,0.7703410614474931,0.0730583651998871,6.454545454546026
2016-09-05,daytime,6,0.6858686528591923,0.13251874930384655,1.3799999999999875
2016-09-05,nighttime,6,-0.3678036911190784,0.4731726231892867,-0.8620689655170898
2016-09-06,daytime,6,0.972343333366095,0.0011367596433550394,1.9910025706940837
2016-09-06,nighttime,6,0.8997937938952749,0.014558826138755416,4.904
2016-09-07,daytime,6,0.48947220940559866,0.32442630677925705,1.560000000000055
2016-09-07,nighttime,6,0.7003745324155739,0.12121363001661138,1.1596638655461997
2016-09-08,daytime,6,0.5887573254122466,0.21890601503865642,2.6461211477152364
2016-09-08,nighttime,6,0.6384269773138194,0.17246744236909384,1.181102362204619
2016-09-09,daytime,6,-0.4237691086645697,0.4023966198215879,-1.3716216216213968
2016-09-09,nighttime,6,0.40599897147057695,0.4244629964867649,3.0000000000010623
2016-09-10,daytime,6,0.8917792119458392,0.016933881640345275,5.180689655172648
2016-09-10,nighttime,6,NA,NA,NA
2016-09-11,daytime,6,0.9412415250686432,0.0050774040319880925,4.3512820512821335
2016-09-11,nighttime,6,NA,NA,NA
2016-09-12,daytime,6,0.9399727009107112,0.005296767471768451,8.23755656108599
2016-09-12,nighttime,6,-0.8339126405519481,0.03908675563659382,-10.00000000000013
2016-09-13,daytime,6,0.9915910587385012,1.0576814035821039e-4,3.226113437381058
2016-09-13,nighttime,6,0.9186009181408887,0.009669048344503724,4.068965517241176
2016-09-14,daytime,6,0.9735574724617058,0.0010395664902718591,3.5020661157024557
2016-09-14,nighttime,6,-0.04207031619116625,0.9369317560815613,-0.2999999999998609
2016-09-15,daytime,6,0.9808858710447838,5.4453321577799e-4,2.1937382927482227
2016-09-15,nighttime,6,0.8480955459415358,0.03285984990336793,1.7499999999999103
2016-09-16,daytime,6,0.9878668440057905,2.199271295451824e-4,4.41045697818033
2016-09-16,nighttime,6,0.7476969128320333,0.08745486208276466,1.5198863636363915
2016-09-17,daytime,6,0.7661044451369684,0.07566281854549342,3.4333781965006667
2016-09-17,nighttime,6,0.8874020152796505,0.01830368338281068,4.828571428571461
2016-09-18,daytime,6,0.75426928000535165,0.08315632899977597,2.082961641391637
2016-09-18,nighttime,6,-0.2100465374376081,0.6895637729773421,-0.18658892128277405
2016-09-19,daytime,6,-0.4619344188369675,0.35638294186628044,-1.113861386138669
2016-09-19,nighttime,6,-0.7181970764218626,0.10792993963871757,-1.0808950086058353
2016-09-20,daytime,6,-0.8057399348938553,0.052940065936815335,-2.170347003154908
2016-09-20,nighttime,6,-0.638756917693233,0.17217435617391055,-1.9024390243901474
2016-09-21,daytime,6,-0.9613506691515413,0.0022117895421024103,-4.880952380952312
2016-09-21,nighttime,6,NA,NA,NA
2016-09-22,daytime,6,0.7939138379016455,0.059330864456128056,5.487804878048635
2016-09-22,nighttime,6,0.736746493911508,0.09483156169705184,3.5643564356435364
2016-09-23,daytime,6,0.9152928562201865,0.010459050717838004,4.997067448680152
2016-09-23,nighttime,6,NA,NA,NA
2016-09-24,daytime,6,0.9704968648571787,0.0012928121944113533,3.1618705035971377
2016-09-24,nighttime,6,NA,NA,NA
2016-09-25,daytime,6,0.889795546556934,0.017548314606562768,8.016129032258071
2016-09-25,nighttime,6,0.18364861234484964,0.7276240226689794,4.000000000010798
2016-09-26,daytime,6,0.9354015344656704,0.006124659161212923,0.7428571428571534
2016-09-26,nighttime,6,NA,NA,NA
2016-09-27,daytime,6,-0.018665604831353516,0.9720048443461635,-0.10294117647050241
2016-09-27,nighttime,6,0.8547134912654096,0.03012888829547486,2.3600000000002956
2016-09-28,daytime,6,0.9149665900169595,0.010538596496986994,1.3748743718593122
2016-09-28,nighttime,6,0.9708624387501357,0.0012611273554114055,1.6462585034013295
2016-09-29,daytime,6,-0.53547042130538125,0.2735617026913827,-1.0583657587549242
2016-09-29,nighttime,6,0.6750787914062361,0.14120910567827666,1.8639999999999972
2016-09-30,daytime,6,-0.021501647626876456,0.9677524988896962,-0.1250000000004919
2016-09-30,nighttime,6,0.44411739409783424,0.3776228239367588,1.1249999999998668
2016-10-01,daytime,6,-0.2385555364412566,0.6489546433107112,-0.33050847457624205
2016-10-01,nighttime,6,0.7814214413660245,0.06644341075740691,0.5000000000000233
2016-10-02,daytime,6,0.4226443264998887,0.4037816135386766,0.6163265306121941
2016-10-02,nighttime,6,0.7237719958641472,0.10391450321065263,1.5584415584415927
2016-10-03,daytime,6,0.9598393103406915,0.0023869342843400006,4.259999999999975
2016-10-03,nighttime,6,0.8988680881320936,0.01482432381028028,2.7128712871287255
2016-10-04,daytime,6,0.9823587553186659,4.640751739865643e-4,6.226446280991821
2016-10-04,nighttime,6,0.9359367786508259,0.006024683678648095,3.7333333333333965
2016-10-05,daytime,6,0.6385876173776303,0.17232471967332777,0.8709677419355527
2016-10-05,nighttime,6,0.9340348877990686,0.0063835738779238534,3.1276595744679803
2016-10-06,daytime,6,-0.3903397496349552,0.4442274569728324,-0.5579567779961023
2016-10-06,nighttime,6,0.8220504592181073,0.04468158004177631,0.7205882352940924
2016-10-07,daytime,6,0.94748496870402,0.004064329042717861,3.85137614678893
2016-10-07,nighttime,6,0.7119032818596307,0.11254360517917225,2.9333333333326994
2016-10-08,daytime,6,-0.879346762581731,0.020957618672212307,-0.8408163265305736
2016-10-08,nighttime,6,-0.5743975272232683,0.23315992077764383,-0.570694087403605
2016-10-09,daytime,6,0.8911872941834277,0.017116125051826202,0.7113402061855852
2016-10-09,nighttime,6,0.06593219735976157,0.9012450093928731,0.00993612491127893
2016-10-10,daytime,6,-0.020286020648336452,0.969575143105818,-0.0740740740745234
2016-10-10,nighttime,6,0.8925849085269341,0.016687325050778228,2.2000000000000277
2016-10-11,daytime,6,0.8509102207305764,0.03168467733772474,3.1029411764705337
2016-10-11,nighttime,6,0.8411299445210658,0.03585462595686164,2.9708029197080306
2016-10-12,daytime,6,0.7868020304568549,0.06333477777997108,0.786802030456831
2016-10-12,nighttime,6,0.9750332462919166,9.27226813047846e-4,1.1844660194174985
2016-10-13,daytime,6,0.13487267286233132,0.7989177006828154,0.4838709677421173
2016-10-13,nighttime,6,NA,NA,NA
2016-10-14,daytime,6,0.9228778270925232,0.008692389561313353,3.028169014084639
2016-10-14,nighttime,6,0.2718301411097764,0.6022977738443169,0.2586206896551702
2016-10-15,daytime,6,0.3160698363752143,0.5416829561207284,3.0625000000001035
2016-10-15,nighttime,6,-0.29277002188455725,0.5733922538253592,-0.3999999999999422
2016-10-16,daytime,6,0.6222647135852243,0.18707753918586928,2.7717391304348378
2016-10-16,nighttime,6,NA,NA,NA
2016-10-17,daytime,6,0.663418236403259,0.1508657085276266,1.406209573091904
2016-10-17,nighttime,6,-0.8528028654224308,0.030905834747229802,-0.7272727272726507
2016-10-18,daytime,6,0.8767754134735736,0.02184090862089628,2.722902921771955
2016-10-18,nighttime,6,-0.11197850219117626,0.832734306288102,-0.06896551724133604
2016-10-19,daytime,6,0.9803253953435028,5.768271805531815e-4,3.668112798264637
2016-10-19,nighttime,6,-0.47245559126153475,0.3440460317752799,-0.31249999999999156
2016-10-20,daytime,6,0.7779104391978497,0.0685085119826803,2.9100591715976716
2016-10-20,nighttime,6,-0.6788335930269985,0.13815797750490816,-0.36206896551723067
2016-10-21,daytime,6,0.9869543331817804,2.5417401684552207e-4,4.527624309392375
2016-10-21,nighttime,6,-0.5806640437527634,0.2268953946249773,-1.1519999999999995
2016-10-22,daytime,6,0.8108197208188397,0.05029846370080237,1.3337453646476898
2016-10-22,nighttime,6,0.8153662578175216,0.04798738118855275,0.527272727272714
2016-10-23,daytime,6,0.9516354232078515,0.0034521328608335933,1.4078947368421195
2016-10-23,nighttime,6,0.8094323822060466,0.051013697008371876,0.5678233438485969
2016-10-24,daytime,6,0.3453898053606327,0.5025167779964432,0.36705882352940655
2016-10-24,nighttime,6,0.8369580354576984,0.03770697693822602,0.7930174563591097
2016-10-25,daytime,6,0.3269004708102013,0.5271162263080235,0.992647058823521
2016-10-25,nighttime,6,-0.4908365236669121,0.32287150312326435,-0.27167630057800496
2016-10-26,daytime,6,-0.734974091984096,0.09605055602703555,-1.3600000000000203
2016-10-26,nighttime,6,0.036186625241300945,0.9457437548215326,0.012658227848134937
2016-10-27,daytime,6,-0.8612472745233758,0.027542822386278285,-0.14656001060667972
2016-10-27,nighttime,6,0.5477225575051682,0.26057454736802327,1.1999999999996862
2016-10-28,daytime,6,0.7283224899381093,0.10068692643838195,1.8191349934469678
2016-10-28,nighttime,6,0.8867651916541346,0.0185072274781861,1.8793103448275996
2016-10-29,daytime,6,-0.42315974314955,0.40314675899181285,-0.26253418413856566
2016-10-29,nighttime,6,0.9916678740454353,1.0384725828264341e-4,2.4374999999999405
2016-10-30,daytime,6,-0.1189036775935823,0.8224850187329078,-0.13477619281850428
2016-10-30,nighttime,6,0.9403741866440277,0.00522686446020759,1.3043478260868588
2016-10-31,daytime,6,0.7175403720206427,0.10840736156357669,2.9492385786802338
2016-10-31,nighttime,6,0.24942092317038522,0.6336269524432954,2.200000000001186
2016-11-01,daytime,6,0.5965267436118459,0.2113451623417403,4.892857142857345
2016-11-01,nighttime,6,-0.35696912429811983,0.4872900579473092,-1.2999999999998906
2016-11-02,daytime,6,0.3263276526277649,0.5278837939891465,0.446976658702441
2016-11-02,nighttime,6,0.3363839659676237,0.5144556757143416,0.39603960396038973
2016-11-03,daytime,6,0.31406738480541935,0.544388462739112,0.7809621289662245
2016-11-03,nighttime,6,0.13483997249264712,0.7989658591927806,0.10000000000000432
2016-11-04,daytime,6,0.348635134198337,0.49823498134095784,3.361111111110393
2016-11-04,nighttime,6,0.8525978400882078,0.030989762515133152,2.999999999999973
2016-11-05,daytime,6,0.0624443372310566,0.9064552386072618,0.362500000000034
2016-11-05,nighttime,6,-0.02639818386742983,0.9604119221723282,-0.014285714285693175
2016-11-07,daytime,6,-0.40871194568480007,0.42106881784533734,-2.386363636363708
2016-11-07,nighttime,6,0.9649012813540148,0.0018262606682600436,1.862068965517173
2016-11-08,daytime,6,0.38454361501081546,0.45161653872460605,1.0102827763496456
2016-11-08,nighttime,6,-0.7041207872537533,0.11836546267016146,-2.4508670520232094
2016-11-09,daytime,6,0.9258153416634942,0.008050912727075943,4.520231213872787
2016-11-09,nighttime,6,0.9061000468284569,0.012811834418271167,1.3762376237623632
2016-11-10,daytime,6,-0.36943429743062384,0.47105906435169015,-1.766233766234135
2016-11-10,nighttime,6,0.5252257314388903,0.28460633131599433,0.413793103448273
2016-11-11,daytime,6,0.0902668259279775,0.8649675126640274,0.4310344827588443
2016-11-11,nighttime,6,-0.8631977478150937,0.02679216706535988,-4.452488687782723
2016-11-12,daytime,6,0.8166388699624363,0.047349535864797024,2.7173913043478772
2016-11-12,nighttime,6,0.06142951168339728,0.9079716372139294,0.10000000000001462
2016-11-13,daytime,6,NA,NA,NA
2016-11-13,nighttime,6,0.03524536884250518,0.9471538382696847,0.04347826086951771
2016-11-14,daytime,6,-0.6305764461947974,0.17950233205990376,-5.657142857142827
2016-11-14,nighttime,6,0.9375026074223223,0.005736831083240358,1.6914893617020896
2016-11-15,daytime,6,0.7022773978598004,0.11976324241122377,0.4545116969922123
2016-11-15,nighttime,6,NA,NA,NA
2016-11-16,daytime,6,-0.5950753440691425,0.21274943698909748,-0.4032558928268653
2016-11-16,nighttime,6,-0.6697512123999155,0.14558722246665662,-4.129629629629358
2016-11-17,daytime,6,-0.7806546401061075,0.06689196594973883,-1.5402298850576102
2016-11-17,nighttime,6,-0.46705637983620074,0.35035765770560373,-1.4092219020172543
2016-11-18,daytime,6,0.34651958219966333,0.5010249383367408,0.04581206016282565
2016-11-18,nighttime,6,-0.5961214046561274,0.21173696150794685,-1.303607896528212
2016-11-19,daytime,6,-0.36041443623655794,0.4827870048341343,-0.32216808769791894
2016-11-19,nighttime,6,0.9944833069633038,4.556690584390856e-5,1.0227963525835837
2016-11-20,daytime,6,-0.7583632510074502,0.0805280959691791,-1.407163053722921
2016-11-20,nighttime,6,0.2518226243734686,0.6302506832370046,2.600000000000875
2016-11-21,daytime,6,-0.5572732506866066,0.25062169649208554,-1.5562913907285127
2016-11-21,nighttime,6,-0.6546536707079782,0.15830242337545694,-1.0714285714286387
2016-11-22,daytime,6,0.17659019598981932,0.7378681089439987,0.06663549216740647
2016-11-22,nighttime,6,0.4515151177317447,0.3687515916701139,0.5844155844155358
2016-11-23,daytime,6,-0.18979290554203185,0.7187289397407249,-0.11628468033776368
2016-11-23,nighttime,6,-0.8938963227756869,0.01628972839520033,-11.60402684563729
2016-11-24,daytime,6,-0.5307526524108678,0.2786271020462939,-0.18558951965065537
2016-11-24,nighttime,6,0.2523573072576208,0.6294996270551932,0.6874999999999882
2016-11-25,daytime,6,-0.2692893024637394,0.6058300359111675,-0.15780254777070332
2016-11-25,nighttime,6,0.9960849747781862,2.2961130108344785e-5,2.3705834018076986
2016-11-26,daytime,6,-0.5860340686753962,0.22158147457744284,-2.531250000000116
2016-11-26,nighttime,6,0.364788796623104,0.47708818562806227,1.3000000000000345
2016-11-27,daytime,6,0.6874258680847356,0.131284231107858,0.34819792302992464
2016-11-27,nighttime,6,-0.22050341689482503,0.674605506419545,-0.5324675324677003
2016-11-28,daytime,6,0.9275658357034721,0.007680041775662383,1.005865102639341
2016-11-28,nighttime,6,-0.7723570171261761,0.07183361067598157,-13.266666666666765
2016-11-29,daytime,6,0.4719072243000904,0.344685190231162,2.0151515151515773
2016-11-29,nighttime,6,0.5738072710784176,0.23375348802890342,1.3762376237624898
2016-11-30,daytime,6,-0.5133747929818774,0.29758871798637426,-0.5411013567438332
2016-11-30,nighttime,6,NA,NA,NA
2016-12-01,daytime,6,-0.43146298637949676,0.3929661617810441,-0.09987141020145991
2016-12-01,nighttime,6,NA,NA,NA
2016-12-02,daytime,6,-0.2570223488432052,0.622955987605861,-0.5385365853658663
2016-12-02,nighttime,6,0.43249319036515765,0.39170921786771035,1.3333333333332273
2016-12-03,daytime,6,0.6392148634430336,0.1717679084746913,2.1428571428574013
2016-12-03,nighttime,6,NA,NA,NA
2016-12-04,daytime,6,-0.9311338836485062,0.006950512748061891,-11.599999999998865
2016-12-04,nighttime,6,NA,NA,NA
2016-12-05,daytime,6,-0.8140831911793119,0.048634476895554,-0.8793103448276255
2016-12-05,nighttime,6,0.40000000000000424,0.4319999999999946,0.3999999999999478
2016-12-06,daytime,6,-0.9114573738632852,0.011412616873196339,-2.8548387096773853
2016-12-06,nighttime,6,NA,NA,NA
2016-12-07,daytime,6,-0.7873252781283455,0.06303611001212134,-1.2714156898106592
2016-12-07,nighttime,6,NA,NA,NA
2016-12-08,daytime,6,NA,NA,NA
2016-12-08,nighttime,6,-0.46213702950296,0.35614390494721093,-1.6551724137930555
2016-12-09,daytime,6,-0.36725595138745126,0.4738832512457112,-1.06624605678238
2016-12-09,nighttime,6,NA,NA,NA
2016-12-10,daytime,6,-0.5535201569053757,0.25451478063909727,-0.8431703204047536
2016-12-10,nighttime,6,-0.08944271909999685,0.8661936922264047,-0.20000000000018317
2016-12-11,daytime,6,0.7142857142857141,0.11078717201166192,1.0714285714286036
2016-12-11,nighttime,6,0.06984302957694476,0.8954058044872095,0.066666666666503
2016-12-12,daytime,6,0.5795050701952473,0.22804886617832776,0.6445242369838582
2016-12-12,nighttime,6,NA,NA,NA
2016-12-14,daytime,6,0.6719319439596784,0.1437882132006335,0.41044776119403426
2016-12-14,nighttime,6,NA,NA,NA
2016-12-15,daytime,6,-0.5829752480681649,0.22460215256947513,-1.800000000000104
2016-12-15,nighttime,6,0.5700517021325935,0.2375441461210075,3.9811320754713835
2016-12-16,daytime,6,0.5608459617141651,0.24693759926882847,1.066265060240984
2016-12-16,nighttime,6,NA,NA,NA
2016-12-17,daytime,6,0.6205397750021304,0.1886658428037255,0.9485861182519352
2016-12-17,nighttime,6,-0.20000000000000004,0.704,-0.19999999999967372
2016-12-18,daytime,6,0.6293986614956696,0.18056784248877483,0.17060910703725513
2016-12-18,nighttime,6,NA,NA,NA
2016-12-19,daytime,6,-0.4000000000000043,0.43199999999999456,-0.8000000000003672
2016-12-19,nighttime,6,0.9938726477676383,5.620164404853818e-5,1.9504950495050308
2016-12-20,daytime,6,0.8847411135911539,0.01916133161517509,0.6638655462184908
2016-12-20,nighttime,6,0.9785019485664891,6.882814866216616e-4,2.358974358974289
2016-12-21,daytime,6,0.6749319466197602,0.14132901202729778,0.1199923143433532
2016-12-21,nighttime,6,-0.6700593942604935,0.1453324052799843,-0.571428571428665
2016-12-22,daytime,6,-0.563123343370447,0.24460041533032242,-0.29163738580464443
2016-12-22,nighttime,6,0.16595315395440502,0.7533554812803358,0.1504132231405243
2016-12-23,daytime,6,-0.6339348009950274,0.17647854385307168,-0.2181021097817169
2016-12-23,nighttime,6,0.1318685081499788,0.8033437885263439,0.3965517241379605
2016-12-24,daytime,6,0.22658216322261465,0.6659430600097191,0.08285479901558414
2016-12-24,nighttime,6,0.6166548125935082,0.19226333429363412,6.799999999999235
2016-12-25,daytime,6,0.42596237498524114,0.39970058437093925,0.11074043585632957
2016-12-25,nighttime,6,NA,NA,NA
2016-12-26,daytime,6,-0.387034744494487,0.4484359909313508,-0.3723897911833093
2016-12-26,nighttime,6,0.5640191903285021,0.2436834433689082,0.41599999999994236
2016-12-27,daytime,6,0.24220286154713436,0.6437997871974113,0.0900369003690005
2016-12-27,nighttime,6,NA,NA,NA
2016-12-28,daytime,6,0.3386563579391848,0.5114353950857231,0.0845070422535203
2016-12-28,nighttime,6,0.30906696371449854,0.5511609616504368,1.5999999999999877
2016-12-29,daytime,6,0.9166996586280579,0.010119411987395042,1.7191780821918081
2016-12-29,nighttime,6,0.125,0.8134765625,0.06250000000000863
2016-12-30,daytime,6,-0.7267694099445475,0.10178342426373999,-0.5688240656335585
2016-12-30,nighttime,6,0.31799936400191875,0.5390795735253099,0.24999999999999514
2016-12-31,daytime,6,-0.900260443586345,0.01442586515838796,-3.4137931034484135
2016-12-31,nighttime,6,-0.3712575982697912,0.4686992291566359,-0.3026315789473116
2017-01-01,daytime,6,-0.8454270707164641,0.03399259639529589,-2.395604395604347
2017-01-01,nighttime,6,0.9293203772845879,0.007316869718738044,1.1875000000000027
2017-01-02,daytime,6,-0.013066221919398506,0.9804017824938183,-0.032608695652216683
2017-01-02,nighttime,6,0.5753559617824633,0.23219738893167885,1.2000000000000262
2017-01-03,daytime,6,0.2674562519653048,0.608381575589488,0.3499999999999758
2017-01-03,nighttime,6,-0.20000000000000004,0.704,-0.39999999999990543
2017-01-04,daytime,6,0.9138833216969474,0.01080479923685528,1.6764705882352782
2017-01-04,nighttime,6,-0.2773500981126146,0.5946421642969479,-0.49999999999993927
2017-01-05,daytime,6,-0.973548911374013,0.0010402367487320138,-1.2906178489702813
2017-01-05,nighttime,6,0.2182178902359835,0.677868828699262,0.4285714285714507
2017-01-06,daytime,6,0.10721125348377765,0.8397992764035507,0.10344827586209701
2017-01-06,nighttime,6,0.9025252341455975,0.013788925010082342,2.7922077922076407
2017-01-07,daytime,6,-0.04303580490435442,0.935486145531082,-0.1685393258426199
2017-01-07,nighttime,6,0.9226183372033243,0.008750204935408018,1.9603960396039477
2017-01-08,daytime,6,-0.4765639007507715,0.3392711135688752,-0.31521739130437415
2017-01-08,nighttime,6,-0.6648371880114269,0.14967605762470576,-0.29761904761905095
2017-01-09,daytime,6,-0.5128480986336855,0.29817075470717413,-0.10040705563093669
2017-01-09,nighttime,6,-0.8434130646789805,0.03485948827040901,-0.6901745977404885
2017-01-10,daytime,6,-0.24253491750117329,0.6433309620552121,-0.08554216867470625
2017-01-10,nighttime,6,-0.5340354799417162,0.27509860907315786,-1.936708860759409
2017-01-11,daytime,6,-0.3736959085348916,0.46554919841352066,-0.38305489260144304
2017-01-11,nighttime,6,0.12830744155089463,0.8085949875196417,0.7068965517242075
2017-01-12,daytime,6,-0.8660467374876288,0.025713421195042233,-0.16784476784476793
2017-01-12,nighttime,6,NA,NA,NA
2017-01-13,daytime,6,-0.8866263059775349,0.018551761999693158,-0.6254295532646079
2017-01-13,nighttime,6,0.8741651486383678,0.022755354422932576,1.4703832752613228
2017-01-14,daytime,6,0.29766651098712177,0.5666876564763934,0.7894736842105392
2017-01-14,nighttime,6,0.9758052471140838,8.709974651963162e-4,4.516129032258137
2017-01-15,daytime,6,-0.15454270856304772,0.7700314435868,-0.2531645569620468
2017-01-15,nighttime,6,-0.2021680850305149,0.7008793728295108,-0.999999999999988
2017-01-16,daytime,6,0.5749867716421249,0.23256796974900598,2.415584415584532
2017-01-16,nighttime,6,0.5330017908890246,0.2762077953268357,0.6249999999999801
2017-01-17,daytime,6,0.31026947493769386,0.5495301661822969,1.5910852713178205
2017-01-17,nighttime,6,0.017500820370186913,0.9737514495090949,0.03999999999995245
2017-01-18,daytime,6,0.43714999434388313,0.386044716138286,0.28977272727272196
2017-01-18,nighttime,6,-0.8178992093808165,0.0467217522596424,-2.0672451193058556
2017-01-19,daytime,6,0.39021875530255723,0.4443813040681981,1.4180206794682306
2017-01-19,nighttime,6,-0.2180017258538307,0.6781776502494441,-0.19999999999991933
2017-01-20,daytime,6,-0.7730794457869771,0.07139700388059357,-0.13485477178423583
2017-01-20,nighttime,6,0.9552798762160495,0.0029551165545234834,2.2445820433436556
2017-01-21,daytime,6,-0.5291779952129404,0.2803256923608875,-0.9683257918552286
2017-01-21,nighttime,6,0.9882144252338332,2.075311520260554e-4,2.2336217552533566
2017-01-22,daytime,6,0.6598103813690308,0.15390856672524247,0.5929203539822882
2017-01-22,nighttime,6,-0.34571533776594415,0.5020867854594451,-0.7722772277228049
2017-01-23,daytime,6,0.7202257141512587,0.10646099912550873,3.004705882352966
2017-01-23,nighttime,6,0.152270871862615,0.7733590002800024,0.03028430160692178
2017-01-24,daytime,6,-0.5046922870702929,0.3072377418707343,-0.7362637362637837
2017-01-24,nighttime,6,0.8146645059327473,0.048340800861805706,1.271428571428531
2017-01-25,daytime,6,-0.8264790737977981,0.04255195255498006,-0.7796143250688778
2017-01-25,nighttime,6,0.6660673513593494,0.14864793664211934,0.8443579766537097
2017-01-26,daytime,6,0.7551541919142497,0.08258501642469201,0.5084226646248128
2017-01-26,nighttime,6,0.535383861559601,0.27365431959935643,3.9360000000000106
2017-01-27,daytime,6,-0.7046434309577757,0.11797046490046878,-0.6765799256505544
2017-01-27,nighttime,6,0.49701951202491,0.31585969821510634,1.740259740259742
2017-01-28,daytime,6,0.8711803718724211,0.02382289644648772,1.4509202453987644
2017-01-28,nighttime,6,0.5683799732497746,0.23923926189885028,0.7760000000000229
2017-01-29,daytime,6,-0.7584543713969043,0.08047003185996068,-1.4064171122994773
2017-01-29,nighttime,6,0.15811388300841347,0.7648055990249848,0.12500000000000533
2017-01-30,daytime,6,-0.9105209351463774,0.011651547367918036,-0.8904593639576217
2017-01-30,nighttime,6,-0.6038051424729121,0.20436012197185618,-3.138613861386056
2017-01-31,daytime,6,-0.8474364085142405,0.033137965833649065,-0.32969215491559506
2017-01-31,nighttime,6,-0.4079965184445622,0.42196300901010836,-9.000000000003345
2017-02-01,daytime,6,-0.9546392705239305,0.0030397266451596236,-0.3523654762344456
2017-02-01,nighttime,6,0.9608594689945085,0.0022679904728967015,1.591743119266048
2017-02-02,daytime,6,-0.9819282039819814,4.8693368474946746e-4,-0.6600476568705327
2017-02-02,nighttime,6,0.9836899806841142,3.9685572612384e-4,1.8856304985337211
2017-02-03,daytime,6,-0.768686416626831,0.0740706315075071,-2.412500000000015
2017-02-03,nighttime,6,-0.09132873064538924,0.8633877876281036,-0.0523465703971094
2017-02-04,daytime,6,-0.9408857729737362,0.005138450663474646,-0.4057301293900265
2017-02-04,nighttime,6,-0.39344473768231836,0.4402852725541014,-1.6666666666668535
2017-02-05,daytime,6,-0.9256594408301713,0.00808435585991327,-0.24287343215507576
2017-02-05,nighttime,6,-0.4777885075200645,0.3378524628142374,-0.9319371727748501
2017-02-06,daytime,6,-0.5506810674947343,0.2574753159702607,-0.3010033444816065
2017-02-06,nighttime,6,0.9615629264640035,0.002187719301093911,0.6668711656441781
2017-02-07,daytime,6,-0.813480619558353,0.048939762859875835,-0.3168986083499008
2017-02-07,nighttime,6,0.9698103750779327,0.0013533625642561445,1.8525453481568273
2017-02-08,daytime,6,0.8107205694270659,0.050349425300778704,0.5098227120268323
2017-02-08,nighttime,6,-0.7848730094898422,0.0644414351625891,-3.1794871794872783
2017-02-09,daytime,6,0.722167958360459,0.10506294802208259,3.180000000000067
2017-02-09,nighttime,6,-0.5163652433269798,0.2942921586284755,-1.4374999999999567
2017-02-10,daytime,6,-0.6859295039739913,0.1324704144308651,-0.7586206896551929
2017-02-10,nighttime,6,NA,NA,NA
2017-02-11,daytime,6,-0.8384409684478483,0.03704352896877475,-1.102015882712313
2017-02-11,nighttime,6,-0.9731891678384565,0.0010685949909365867,-3.649999999999904
2017-02-12,daytime,6,-0.7115868634680116,0.11277779542177271,-0.15539496058123414
2017-02-12,nighttime,6,0.49844491656840906,0.3142512806935822,1.8793103448275548
2017-02-13,daytime,6,-0.12465035871684634,0.8139928526074776,-0.3937823834196995
2017-02-13,nighttime,6,0.9287269204251438,0.007438749464771912,16.000000000000803
2017-02-14,daytime,6,-0.7693144373823116,0.07368568149688416,-0.3266519823788571
2017-02-14,nighttime,6,-0.09716678823769083,0.8547085121591413,-0.12903225806453003
2017-02-15,daytime,6,0.7378957503297162,0.09404485409959518,4.307167235494854
2017-02-15,nighttime,6,0.9840541878357152,3.793761261047338e-4,1.448847926267273
2017-02-16,daytime,6,-0.6223282643003911,0.18701912841319013,-1.0291262135922397
2017-02-16,nighttime,6,0.6986964974723361,0.12249896240104158,4.7000000000000695
2017-02-17,daytime,6,0.7641470726200091,0.07688005640997761,0.2096757081727185
2017-02-17,nighttime,6,0.409514179673958,0.42006687598967385,0.8571428571428734
2017-02-18,daytime,6,-0.5766995215501718,0.23085075532010013,-1.822580645161339
2017-02-18,nighttime,6,-0.8055029745062957,0.05306481636324186,-2.360000000000013
2017-02-19,daytime,6,0.8936735142967172,0.01635695478729857,2.2880215343203485
2017-02-19,nighttime,6,0.8672528614610806,0.025263082237253758,4.376623376623398
2017-02-20,daytime,6,-0.7735211862164609,0.07113063002506459,-1.379377431906656
2017-02-20,nighttime,6,NA,NA,NA
2017-02-21,daytime,6,0.8468614257812388,0.033381475636425746,0.3552358555816842
2017-02-21,nighttime,6,0.9625306728521428,0.0020796231755103034,2.7834821428570793
2017-02-22,daytime,6,-0.7395874112450224,0.09289217164873399,-0.9335038363171406
2017-02-22,nighttime,6,0.968200354848042,0.0015007479699344628,4.855018587360504
2017-02-23,daytime,6,-0.21811689522023123,0.6780131106314102,-0.46900826446281707
2017-02-23,nighttime,6,NA,NA,NA
2017-02-24,daytime,6,0.6801820135304232,0.13706925808358544,0.41917046420020015
2017-02-24,nighttime,6,NA,NA,NA
2017-02-25,daytime,6,-0.630453076789767,0.17961381811689628,-0.42269102135323094
2017-02-25,nighttime,6,NA,NA,NA
2017-02-26,daytime,6,-0.8437231119055728,0.034725365155022156,-0.9494882799603971
2017-02-26,nighttime,6,0.7758909001678069,0.06970940565164242,1.9565217391304142
2017-02-27,daytime,6,-0.271851525019358,0.6022680683041612,-0.1129770992366447
2017-02-27,nighttime,6,-0.7716205298599408,0.07227995873404382,-2.164556962025315
2017-02-28,daytime,6,-0.640236126567388,0.17086293984402937,-0.2086010226825777
2017-02-28,nighttime,6,0.9831891671014025,4.215307489430036e-4,2.272727272727254
2017-03-01,daytime,6,-0.06742844135675724,0.8990106228620433,-0.054154302670623884
2017-03-01,nighttime,6,0.5917179041121178,0.21601226180606645,2.27368421052627
2017-03-02,daytime,6,0.816277589789381,0.04753020988347614,9.864285714285995
2017-03-02,nighttime,6,0.03731966854310333,0.9440464858124642,1.000000000004804
2017-03-03,daytime,6,-0.7458192193520347,0.08870076455512739,-0.9751381215470025
2017-03-03,nighttime,6,0.39531902489815646,0.43791112426140694,1.5384615384616669
2017-03-04,daytime,6,-0.6825166568120828,0.1351930361491767,-0.30952705465449243
2017-03-04,nighttime,6,0.5587442366156603,0.24910225762139213,0.5333333333333512
2017-03-05,daytime,6,-0.7931584651389375,0.05975043662958964,-0.7111569183200279
2017-03-05,nighttime,6,-0.3049739269327511,0.556721784241254,-0.21385542168673066
2017-03-06,daytime,6,-0.27533312959705036,0.5974365782888974,-0.33639947437583506
2017-03-06,nighttime,6,0.9952549783688206,3.371942779318474e-5,2.4336870026524977
2017-03-07,daytime,6,-0.7293521270999797,0.09996289162595792,-0.3871595330739294
2017-03-07,nighttime,6,-0.8985049294526659,0.01492911100359354,-6.99999999999966
2017-03-08,daytime,6,-0.08440623299165634,0.8736913229091992,-0.07567567567567927
2017-03-08,nighttime,6,0.9090348068381683,0.012035646238243495,3.1470588235294086
2017-03-09,daytime,6,-0.8440988054494714,0.03456317020360351,-0.5595041322314049
2017-03-09,nighttime,6,0.8831417001098348,0.019685892956606884,3.3919999999996873
2017-03-10,daytime,6,-0.81483433679868,0.04825515939051376,-1.7689178193654282
2017-03-10,nighttime,6,0.8956866686096823,0.01575437583921857,1.46239554317548
2017-03-11,daytime,6,-0.8634061303689359,0.02671255146046237,-5.538071065989912
2017-03-11,nighttime,6,NA,NA,NA
2017-03-13,daytime,6,-0.7522601758922239,0.08446001228811048,-3.169014084507278
2017-03-13,nighttime,6,0.7883936085671913,0.062428319621468865,3.81818181818158
2017-03-14,daytime,6,-0.7783375314637667,0.0682557653687285,-1.2171241294551718
2017-03-14,nighttime,6,0.9901054771953679,1.463680275815419e-4,2.8922155688622384
2017-03-15,daytime,6,-0.9965130117065554,1.8217431740290466e-5,-1.610701107011087
2017-03-15,nighttime,6,-0.8266912784339269,0.04245112661727461,-3.7251908396946174
2017-03-16,daytime,6,-0.9033941039076082,0.013548251857073717,-1.007031936712582
2017-03-16,nighttime,6,-0.3837483402056512,0.45263341504320853,-1.11764705882353
2017-03-17,daytime,6,0.8018295409242333,0.055016067626844106,0.1854219948849102
2017-03-17,nighttime,6,-0.12309149097933185,0.8162952748263002,-0.3750000000002495
2017-03-18,daytime,6,0.31574065771824406,0.5421274479700726,0.0850058052745061
2017-03-18,nighttime,6,0.9396894283250976,0.005346361800678905,1.009893733968485
2017-03-19,daytime,6,-0.5396645877810375,0.2690885001311008,-0.2859903381642495
2017-03-19,nighttime,6,0.9392558851398134,0.005422702975342266,1.2471832605196587
2017-03-20,daytime,6,-0.13403530786332418,0.8001510414376022,-0.1612005733074797
2017-03-20,nighttime,6,NA,NA,NA
2017-03-21,daytime,6,0.11063325088853515,0.8347271834638965,0.22755417956656085
2017-03-21,nighttime,6,0.6709149618381436,0.1446259885204221,1.4485125858123655
2017-03-23,daytime,6,-0.6820903078854325,0.13553483706266628,-0.07199819014761662
2017-03-23,nighttime,6,NA,NA,NA
2017-03-24,daytime,6,-0.3793603686123512,0.45825713599520074,-0.8260869565216742
2017-03-24,nighttime,6,0.9961586657433675,2.2105432232889572e-5,1.3390804597700994
2017-03-25,daytime,6,0.6095439706845741,0.19892020144921913,0.31764705882352334
2017-03-25,nighttime,6,0.9946598188264294,4.270015804816419e-5,1.9989506820566534
2017-03-26,daytime,6,0.257497330259854,0.6222906687697858,0.06221198156681465
2017-03-26,nighttime,6,NA,NA,NA
2017-03-27,daytime,6,-0.8547402851820881,0.030118059187879017,-0.147802528597232
2017-03-27,nighttime,6,-0.9510539968094208,0.0035349365977854546,-3.1645569620253315
2017-03-28,daytime,6,-0.955642905130951,0.0029076903554600166,-0.615558912386715
2017-03-28,nighttime,6,-0.8937274208296249,0.016340677752216475,-5.872000000000188
2017-03-29,daytime,6,0.38677325240546173,0.44876951309134944,1.160792951541862
2017-03-29,nighttime,6,0.719240865878565,0.10717302065796935,6.8831168831172524
2017-03-30,daytime,6,0.6079476361122316,0.2004273687659513,0.5987460815046989
2017-03-30,nighttime,6,0.962678612396943,0.0020633367402909638,5.218749999999986
2017-03-31,daytime,6,-0.34451554760309383,0.5036721195729073,-0.5864729913754065
2017-03-31,nighttime,6,NA,NA,NA
2017-04-01,daytime,6,0.5385328652735654,0.2702927192936043,0.1309918601145603
2017-04-01,nighttime,6,0.9071645807993074,0.012527575499867181,5.3333333333332575
2017-04-02,daytime,6,0.9261329914096843,0.00798298086651253,0.5775216138328572
2017-04-02,nighttime,6,0.7671574438541954,0.07501162797121598,11.650000000000349
2017-04-03,daytime,6,0.9542963927114918,0.003085496280702271,1.1744186046511922
2017-04-03,nighttime,6,0.9696628358886552,0.0013665549831796291,1.4273709483793329
2017-04-04,daytime,6,-0.8431187176217568,0.03498704472868043,-0.35289186923722793
2017-04-04,nighttime,6,0.15491933384829507,0.7694800312337369,0.3999999999999177
2017-04-05,daytime,6,0.7564900711329645,0.08172591365443559,0.6800000000000251
2017-04-05,nighttime,6,-0.033426313523250865,0.949879203633293,-0.05000000000003935
2017-04-06,daytime,6,-1.1692392625120774e-20,1,-1.1987479493189869e-13
2017-04-06,nighttime,6,0.9664739890091112,0.001667148611683483,0.7537313432835808
2017-04-07,daytime,6,0.8377221411499819,0.037364434246257294,0.26470588235294457
2017-04-07,nighttime,6,-0.3922322702763744,0.4418233076836221,-0.20512820512818888
2017-04-08,daytime,6,0.837807171886222,0.03732640632681478,0.33077325885843806
2017-04-08,nighttime,6,0.12350116042813712,0.8156901123442539,1.774193548387099
2017-04-09,daytime,6,-0.5367159530192671,0.2722303464338647,-0.058679706601467665
2017-04-09,nighttime,6,-0.11476148962630052,0.8286134814172685,-0.06483790523689521
2017-04-10,daytime,6,0.2453994554360568,0.6392899039866153,0.09465914025183957
2017-04-10,nighttime,6,-0.4162541467832587,0.41168044057643194,-11.699999999999875
2017-04-11,daytime,6,-0.676966206616951,0.13967182500305858,-0.4079754601227003
2017-04-11,nighttime,6,0.08222742491368525,0.8769368468048502,2.9999999999990625
2017-04-12,daytime,6,0.2863682525214572,0.5821896897943066,0.09341169192700305
2017-04-12,nighttime,6,-0.3376311116571828,0.5127974225612266,-23.799999999968627
2017-04-13,daytime,6,0.6661949836643135,0.1485414397491593,2.2547425474254865
2017-04-13,nighttime,6,0.7450211297021475,0.08923270971510897,3.4897959183674123
2017-04-14,daytime,6,0.03748789779282832,0.943794494978402,0.05691200605984128
2017-04-14,nighttime,6,0.8433217225580499,0.03489904828339235,7.521994134897443
2017-04-15,daytime,6,-0.6352842527623086,0.17526956205979385,-1.0391796755433163
2017-04-15,nighttime,6,0.7797496703628165,0.06742311693900299,7.2893401015227886
2017-04-16,daytime,6,0.2463616995004956,0.6379337999583636,0.6796204247627593
2017-04-16,nighttime,6,NA,NA,NA
2017-04-17,daytime,6,-0.1587639442835142,0.7638549847710681,-0.3541802646413172
2017-04-17,nighttime,6,-0.26372281665490843,0.6135866995762802,-2.9130434782607715
2017-04-18,daytime,6,0.8941233345021723,0.016221370707433493,7.054560260586334
2017-04-18,nighttime,6,NA,NA,NA
2017-04-19,daytime,6,-0.221426498000951,0.6732884897206909,-0.5924657534246597
2017-04-19,nighttime,6,0.7486389558896933,0.08683276793296572,9.2142857142857
2017-04-20,daytime,6,-0.7372031878902003,0.09451858835451198,-1.7367752856538468
2017-04-20,nighttime,6,0.6161230748090044,0.1927579019957192,38.599999999996164
2017-04-21,daytime,6,-0.5863992276988127,0.22122196637333003,-1.2098854981607234
2017-04-21,nighttime,6,0.9697067607467129,0.0013626207615690018,4.5389507154211985
2017-04-22,daytime,6,-0.7991618281142958,0.05645345556239087,-4.4306049822064635
2017-04-22,nighttime,6,0.9581736755814038,0.002587575769480115,4.0992366412212
2017-04-23,daytime,6,0.9745122038637586,9.6616283797169e-4,2.42672549637569
2017-04-23,nighttime,6,-0.15581224806605778,0.7681729904496921,-1.4999999999995868
2017-04-24,daytime,6,-0.16942976019341574,0.748287222640774,-0.12160120845921128
2017-04-24,nighttime,6,-0.3766752214766225,0.4617093032473694,-0.05675368898978299
2017-04-25,daytime,6,-0.9287436095887442,0.0074353085562516175,-0.40540540540540443
2017-04-25,nighttime,6,-0.9029494679287061,0.013671158606996308,-0.2699442210403349
2017-04-26,daytime,6,-0.8895295585449269,0.017631502571448777,-0.5318681318681364
2017-04-26,nighttime,6,0.5329565554370087,0.27625637366976286,0.4653465346534603
2017-04-27,daytime,6,-0.1963168017347956,0.7093078503036918,-0.04432132963989287
2017-04-27,nighttime,6,-0.7400657130551052,0.09256741191415567,-0.6791044776119476
2017-04-28,daytime,6,-0.5044599855218697,0.3074974792488741,-0.16523101018011935
2017-04-28,nighttime,6,0.7605948291745965,0.07911151969699887,2.0370370370370625
2017-04-29,daytime,6,0.7611873733908333,0.0787372882919294,0.6831550802139129
2017-04-29,nighttime,6,-0.03819267780933343,0.9427388387458215,-0.06334841628966148
2017-04-30,daytime,6,-0.5866128507310295,0.22101175789310376,-0.04196519959058982
2017-04-30,nighttime,6,-0.5820670597314249,0.2255021704396016,-1.801980198019724
2017-05-01,daytime,6,0.25213645282965147,0.629809829745658,0.06993006993007286
2017-05-01,nighttime,6,0.7607934377903891,0.07898599574538225,0.6370106761565408
2017-05-02,daytime,6,0.9322229404068916,0.006734919961186846,0.531478770131776
2017-05-02,nighttime,6,-0.19216802514401105,0.7152962055356638,-1.105769230769379
2017-05-03,daytime,6,-0.8368979650151407,0.03773396822697987,-1.5090909090909108
2017-05-03,nighttime,6,-0.5090664410016658,0.30236227676977634,-3.794035414725054
2017-05-04,daytime,6,0.9973547739716186,1.048657649662361e-5,1.8118556701031345
2017-05-04,nighttime,6,-0.6028856992222652,0.2052372352956103,-19.800000000000207
2017-05-05,daytime,6,-0.8451542547285188,0.034109423167408656,-1.000000000000044
2017-05-05,nighttime,6,-0.3990003584770444,0.4332601473893662,-12.67924528301768
2017-05-06,daytime,6,0.4922852059333564,0.3212235522758521,0.0612519632039449
2017-05-06,nighttime,6,0.7722822477780507,0.07187886733448699,22.733333333333533
2017-05-07,daytime,6,0.029867384554474314,0.9552122449276794,0.08333333333353156
2017-05-07,nighttime,6,0.7365752990119862,0.09494900072734341,1.1755102040816585
2017-05-08,daytime,6,0.9081321106704702,0.01227189450447365,0.585273757079926
2017-05-08,nighttime,6,0.6720991536036653,0.14365066777651433,7.857142857142888
2017-05-09,daytime,6,0.8650474882711167,0.026089380886901766,0.9008746355685253
2017-05-09,nighttime,6,-0.3360987042682413,0.5148351914839561,-4.82608695652041
2017-05-10,daytime,6,0.23943574614625054,0.647709743775504,0.04180274330502678
2017-05-10,nighttime,6,-0.7167564898056087,0.10897845669003496,-22.857142857139277
2017-05-11,daytime,6,0.9325153374233128,0.006677600885020537,0.46625766871165836
2017-05-11,nighttime,6,0.7012537394991276,0.12054254072438872,5.885714285714414
2017-05-12,daytime,6,0.8199851361308822,0.04569130437703239,0.9364358683314604
2017-05-12,nighttime,6,0.007251691995988163,0.9891226526785146,0.2173913043495792
2017-05-13,daytime,6,0.8715504679420666,0.02368926088439516,2.9480519480520693
2017-05-13,nighttime,6,NA,NA,NA
2017-05-14,daytime,6,0.9763775702804,8.304378942861134e-4,0.567586206896549
2017-05-14,nighttime,6,0.8636301249258403,0.026627096493510135,5.4910394265230975
2017-05-15,daytime,6,0.9691177697257712,0.0014158418410007158,0.6048512367068942
2017-05-15,nighttime,6,0.7867934952109352,0.0633396550236577,15.35897435897403
2017-05-16,daytime,6,0.85020272844803,0.0319781666886736,0.6786054486568832
2017-05-16,nighttime,6,0.926734625101656,0.007855085243487948,10.266343825665633
2017-05-17,daytime,6,-0.9090421994994953,0.01203372064587609,-3.777985074626847
2017-05-17,nighttime,6,0.9580405361112033,0.0026039580698162933,11.379999999999892
2017-05-18,daytime,6,-0.44874920618918146,0.3720598171452486,-1.238990825688087
2017-05-18,nighttime,6,NA,NA,NA
2017-05-19,daytime,6,-0.6035188307048106,0.20463308826133697,-1.018045862412765
2017-05-19,nighttime,6,0.7560781801582211,0.08199036885643428,19.610389610390538
2017-05-20,daytime,6,-0.07107498241343814,0.8935670494583543,-0.05334394904459359
2017-05-20,nighttime,6,0.5042720368665071,0.3077076852323961,11.67391304348057
2017-05-21,daytime,6,-0.4911795101933907,0.32248105869111476,-0.5288118306986489
2017-05-21,nighttime,6,0.9403377002733838,0.005233198350002349,9.686915887850175
2017-05-22,daytime,6,0.838155097528206,0.037170994409893424,0.4595278246205736
2017-05-22,nighttime,6,-0.9946676807966003,4.2574633539883196e-5,-6.45035460992909
2017-05-23,daytime,6,-0.5857108298435599,0.22189990691144298,-0.09801633605599787
2017-05-23,nighttime,6,-0.9235331796067662,0.008547204505798729,-0.5892857142857011
2017-05-24,daytime,6,-0.7683085090744933,0.07430271113235459,-0.5937499999999893
2017-05-24,nighttime,6,-0.6785539590226882,0.1383842187874415,-0.18959107806687964
2017-05-25,daytime,6,0.9483129356323206,0.003938286578230963,0.7868852459016393
2017-05-25,nighttime,6,-0.7090925860690215,0.1146313564000209,-0.24329627207324991
2017-05-26,daytime,6,-0.498985233726604,0.31364238384803467,-0.08113035551504105
2017-05-26,nighttime,6,-0.49496173360444884,0.3181870238451992,-0.3584070796459866
2017-05-27,daytime,6,-0.9910718825080094,1.192110870808361e-4,-0.6145833333333371
2017-05-27,nighttime,6,0.7019972039273396,0.11997633124353595,6.717391304349451
2017-05-28,daytime,6,0.9827773031342764,4.423776217351186e-4,0.4206669109563979
2017-05-28,nighttime,6,0.8907279194092292,0.017258205897081533,0.5471698113207738
2017-05-29,daytime,6,0.16583737267010745,0.7535243735400989,0.03173311635474919
2017-05-29,nighttime,6,0.6565321642986205,0.15669575447849926,0.6896551724137571
2017-05-30,daytime,6,-0.04036046874803383,0.9394921698226268,-0.05841924398625904
2017-05-30,nighttime,6,0.7821160240920746,0.06603829092843676,1.2857142857142387
2017-05-31,daytime,6,-0.6444372938919787,0.16716127820748403,-0.42452830188681795
2017-05-31,nighttime,6,0.4266466692744933,0.39886068387111484,5.238578680202647
2017-06-01,daytime,6,-0.6191115186999756,0.18998515742284824,-0.8195266272189274
2017-06-01,nighttime,6,0.8886794860683691,0.01789862903390461,4.11678832116753
2017-06-02,daytime,6,0.9222035964994681,0.008842997772470643,0.884158975324927
2017-06-02,nighttime,6,-0.9268705178667287,0.00782633638326724,-12.047619047619127
2017-06-03,daytime,6,-0.5493250612963285,0.2588940302873438,-0.21184022824536528
2017-06-03,nighttime,6,-0.6188200876395885,0.1902548249919267,-7.6125461254612405
2017-06-04,daytime,6,0.7490876533815495,0.08653716351204643,1.3858267716535435
2017-06-04,nighttime,6,0.8542515884880714,0.030315861623663634,104.00000000000088
2017-06-05,daytime,6,-0.6873107828452453,0.13137529658202118,-0.7926421404682201
2017-06-05,nighttime,6,-0.8581836212283672,0.028741730560948642,-22.660377358490944
2017-06-07,daytime,6,0.9099988656530883,0.011785792493107593,0.765834932821504
2017-06-07,nighttime,6,0.4300826644563822,0.39465243471023775,1.3333333333333603
2017-06-08,daytime,6,0.98075305735777,5.521022366907544e-4,0.8770521707406057
2017-06-08,nighttime,6,0.031728715848517684,0.9524228970573485,1.2000000000208118
2017-06-09,daytime,6,0.9651380237684108,0.0018018511999925663,6.039473684210217
2017-06-09,nighttime,6,NA,NA,NA
2017-06-10,daytime,6,0.28272724564545887,0.5872089896670658,0.3886255924171045
2017-06-10,nighttime,6,-0.2836962666793819,0.5858720443950294,-2.1298701298701515
2017-06-11,daytime,6,0.779419353608743,0.06761746605811285,7.686046511628438
2017-06-11,nighttime,6,0.27173100538762585,0.6024354934848319,6.000000000002953
2017-06-12,daytime,6,-0.41979858793439784,0.4072928500188563,-2.8528225806452028
2017-06-12,nighttime,6,0.20335576829480845,0.6991710909046872,1.5434782608703228
2017-06-13,daytime,6,-0.15643969378610853,0.7672547631846749,-0.19434741187678958
2017-06-13,nighttime,6,NA,NA,NA
2017-06-14,daytime,6,-0.508452940374833,0.3030443332196455,-0.3178797093796116
2017-06-14,nighttime,6,0.44226898133585124,0.37985084387918533,9.750000000013703
2017-06-15,daytime,6,-0.46036820538460654,0.35823265388401565,-0.28894534237165287
2017-06-15,nighttime,6,0.7381409915917282,0.09387735595617913,1.7580645161290473
2017-06-16,daytime,6,0.21152533567067874,0.6874441321174637,0.08501163849812868
2017-06-16,nighttime,6,0.9701940975332791,0.0013193480727862871,3.3534822601839185
2017-06-17,daytime,6,-0.657926229796921,0.15550790691240512,-0.37316885119506527
2017-06-17,nighttime,6,0.8516884021332819,0.03136333966333555,6.479999999999741
2017-06-18,daytime,6,0.5041057472718992,0.3078937117952298,0.16374269005847852
2017-06-18,nighttime,6,0.9585046714125588,0.0025470688210216166,3.9863945578230897
2017-06-19,daytime,6,0.12086051704196613,0.8195919452118836,0.08637339055794621
2017-06-19,nighttime,6,0.9238174582325923,0.00848459616164948,6.471910112359716
2017-06-20,daytime,6,-0.28207015016709486,0.5881160287639648,-1.0143884892085964
2017-06-20,nighttime,6,NA,NA,NA
2017-06-21,daytime,6,-0.44393726130028055,0.37783975058646607,-0.13138686131388672
2017-06-21,nighttime,6,0.5931094703933112,0.2146574763017559,0.31081081081080475
2017-06-23,daytime,6,-0.6312962348519432,0.17885245004260028,-0.936363636363628
2017-06-23,nighttime,6,-0.2821324048422942,0.5880300781973681,-2.0530973451330397
2017-06-24,daytime,6,0.8461716243966452,0.033674720275874405,1.299270072992608
2017-06-24,nighttime,6,-0.885845604545063,0.01880305313939387,-3.168316831683151
2017-06-25,daytime,6,0.5707741259999718,0.23681309391484354,0.7941463414634129
2017-06-25,nighttime,6,NA,NA,NA
2017-06-26,daytime,6,0.8527502291397918,0.03092737131600841,0.80476330491032
2017-06-26,nighttime,6,0.9631767021714711,0.0020089675222075875,3.487500000000012
2017-06-27,daytime,6,0.6685794781907801,0.14655780089199025,0.8914858096828043
2017-06-27,nighttime,6,0.990508721568244,1.3469904150237102e-4,3.1287758346579797
2017-06-28,daytime,6,0.22438566733509777,0.6690702878687467,0.22824720610266128
2017-06-28,nighttime,6,0.9960434312183176,2.345068585885217e-5,3.0077220077219122
2017-06-29,daytime,6,0.8269899679910206,0.04230939786551008,0.734634234888364
2017-06-29,nighttime,6,0.9775923046666165,7.475317094249272e-4,2.3159609120521116
2017-06-30,daytime,6,0.8741754526467994,0.02275170948888183,1.5706959270081722
2017-06-30,nighttime,6,0.8846484933041969,0.019191523296119204,4.812499999999869
2017-07-01,daytime,6,0.6944833422227025,0.12575211444267773,0.5053834586466153
2017-07-01,nighttime,6,NA,NA,NA
2017-07-02,daytime,6,0.47115970238270766,0.3455571627515756,0.13421052631578778
2017-07-02,nighttime,6,NA,NA,NA
2017-07-03,daytime,6,0.028042462363364627,0.9579473324664589,0.018772836084158997
2017-07-03,nighttime,6,0.4670770038701344,0.3503334703942595,0.7662337662337765
2017-07-04,daytime,6,0.9342063735697066,0.006350798151157718,3.215976331360993
2017-07-04,nighttime,6,-0.5297684286178889,0.2796883270972227,-3.3220338983046886
2017-07-05,daytime,6,-0.5735707539357355,0.2339915002835773,-1.4817127564673773
2017-07-05,nighttime,6,0.9403367990347511,0.005233354848996258,4.201365187713303
2017-07-06,daytime,6,-0.9043187453728128,0.013294377452574536,-1.6492146596859092
2017-07-06,nighttime,6,0.6504436355879909,0.16192839260778083,22.000000000009152
2017-07-07,daytime,6,0.8522212105642155,0.03114421714699587,16.899999999997288
2017-07-07,nighttime,6,0.5266976452921729,0.283009236808166,4.250000000001126
2017-07-08,daytime,6,-0.5212047505084508,0.2889866540284075,-1.4539249146756734
2017-07-08,nighttime,6,-0.28374913078315556,0.5857991314665068,-3.6585365853643443
2017-07-09,daytime,6,-0.4077007788824025,0.42233282814118717,-0.20854922279793375
2017-07-09,nighttime,6,0.9040876625088058,0.013357607464796644,5.423076923076953
2017-07-10,daytime,6,0.9775318932844418,7.515526012217847e-4,2.4728506787330544
2017-07-10,nighttime,6,0.8531841653138144,0.03075003443875631,6.1759656652360455
2017-07-11,daytime,6,0.8760630263068749,0.02208870107233185,0.5806451612903218
2017-07-11,nighttime,6,0.6018932206810411,0.20618573739521354,7.333333333332587
2017-07-12,daytime,6,-0.260913831176249,0.617510241782556,-0.2691041413966522
2017-07-12,nighttime,6,0.4416657635358913,0.38057892608502353,2.9499999999997697
2017-07-13,daytime,6,0.25583871207667225,0.624614694624176,0.4535809018567538
2017-07-13,nighttime,6,-0.7423756423136235,0.09100616031045983,-1.5735294117646426
2017-07-14,daytime,6,-0.7469662891517167,0.08793871261065622,-2.92970123022856
2017-07-14,nighttime,6,0.92203134468924,0.008881676753150283,6.383673469387737
2017-07-15,daytime,6,-0.04669007576326752,0.9300157776779945,-0.04101838755303203
2017-07-15,nighttime,6,0.0923910896712454,0.8618076959047629,0.38071065989852443
2017-07-16,daytime,6,-0.8196886377022314,0.04583712266220168,-0.7573595004460805
2017-07-16,nighttime,6,0.683655940326664,0.1342815073707094,10.200000000001824
2017-07-17,daytime,6,-0.31302098360426284,0.5458037569144257,-0.2074915824915836
2017-07-17,nighttime,6,0.9175916888964657,0.009906871842269948,8.3519999999998
2017-07-18,daytime,6,0.9067543679596322,0.012636748210479332,3.5950317735413275
2017-07-18,nighttime,6,0.9682584389146737,0.0014952998150515623,2.9847715736042164
2017-07-19,daytime,6,0.6555071114932949,0.15757161824960925,4.5606162089753415
2017-07-19,nighttime,6,0.49650302457118733,0.3164432476033051,5.772727272727935
2017-07-20,daytime,6,0.25748403214787935,0.6223092934115699,0.4437009218163148
2017-07-20,nighttime,6,NA,NA,NA
2017-07-21,daytime,6,0.5847240057869683,0.22287319247134058,7.139489194499157
2017-07-21,nighttime,6,0.6399814251569765,0.1710884502122021,8.133333333334278
2017-07-22,daytime,6,-0.5721226191131804,0.23545088674945464,-1.262041884816758
2017-07-22,nighttime,6,0.7205669255412288,0.10621480019705731,6.415584415584504
2017-07-23,daytime,6,-0.8465508060359502,0.03351337506733771,-1.9624361276066802
2017-07-23,nighttime,6,NA,NA,NA
2017-07-24,daytime,6,0.3112042336399732,0.5482634150254961,5.132947976878185
2017-07-24,nighttime,6,NA,NA,NA
2017-07-25,daytime,6,0.9960811068070613,2.3006493146749676e-5,3.9565351418002743
2017-07-25,nighttime,6,0.6948402462784591,0.1254750971241565,6.050000000000219
2017-07-27,daytime,6,-0.8384383147040053,0.03704471128715888,-0.8388523047977439
2017-07-27,nighttime,6,0.9772706472746973,7.690639543685808e-4,6.590443686006797
2017-07-28,daytime,6,-0.9503294678162042,0.003639470032146573,-1.4040757513379847
2017-07-28,nighttime,6,NA,NA,NA
2017-07-29,daytime,6,0.4439828838032343,0.37778480516241186,6.638190954773871
2017-07-29,nighttime,6,NA,NA,NA
2017-07-30,daytime,6,0.9492161638702606,0.0038030113118668408,6.791357191087175
2017-07-30,nighttime,6,0.6908130635631577,0.12861623847752957,3.7179487179486266
2017-07-31,daytime,6,0.5837833706733371,0.2238025129966199,2.8484848484850245
2017-07-31,nighttime,6,-0.9128075749150557,0.01107233745444857,-9.130111524163292
2017-08-01,daytime,6,0.09475067807612063,0.858299304040528,0.10006237483995549
2017-08-01,nighttime,6,0.8525441993342087,0.03101173827294503,8.021739130434423
2017-08-02,daytime,6,0.6476087299716865,0.16438950604321895,1.9380352644836365
2017-08-02,nighttime,6,0.8773176191408332,0.021653205653190014,6.666666666666791
2017-08-03,daytime,6,-0.3396054601585927,0.5101754759103637,-0.37440405244339875
2017-08-03,nighttime,6,0.9293521240163831,0.007310377473998918,4.659824046920823
2017-08-04,daytime,6,-0.9495237785481064,0.003757470504630567,-5.246039142590906
2017-08-04,nighttime,6,0.6397752646515177,0.1712710741046783,7.045454545455354
2017-08-05,daytime,6,-0.3560794719088,0.48845491143743025,-2.7903225806452836
2017-08-05,nighttime,6,0.4252791456124693,0.40053977478199926,3.5714285714289487
2017-08-06,daytime,6,-0.9851465635160447,3.292983465157184e-4,-2.6116917047681194
2017-08-06,nighttime,6,0.9107302004010116,0.011597945829201884,7.8653846153846585
2017-08-07,daytime,6,-0.6026539864029534,0.20545852167947634,-1.8066465256797564
2017-08-07,nighttime,6,0.689515118043337,0.12963578776802295,25.400000000010124
2017-08-08,daytime,6,-0.06315538241892563,0.9053928772242976,-1.3962264150939407
2017-08-08,nighttime,6,NA,NA,NA
2017-08-09,daytime,6,0.7425981688471783,0.090856384424057815,25.533333333331612
2017-08-09,nighttime,6,0.9200449764118538,0.009333640226325495,5.168000000000022
2017-08-10,daytime,6,-0.8614580553545886,0.027461227572144132,-3.3960255500353327
2017-08-10,nighttime,6,0.8153841289567165,0.04797839656373307,6.571428571428752
2017-08-11,daytime,6,0.6482467028963556,0.1638342881206351,4.503937007873775
2017-08-11,nighttime,6,0.9812176348148252,5.258528674302471e-4,4.221311475409527
2017-08-12,daytime,6,-0.08242665981432785,0.8766400199989772,-0.6696832579191089
2017-08-12,nighttime,6,0.5866198216306094,0.22100489976935647,5.545454545455476
2017-08-13,daytime,6,-0.20746736967767654,0.6932639243433941,-0.28919860627173016
2017-08-13,nighttime,6,0.49877827369158667,0.3138755606465609,14.500000000001776
2017-08-14,daytime,6,-0.4579286246380582,0.3611205645704793,-5.659459459459292
2017-08-14,nighttime,6,0.7636797557643487,0.07717196794759688,8.72727272727283
2017-08-15,daytime,6,-0.18280462160244512,0.7288475070302809,-0.07850467289719928
2017-08-15,nighttime,6,0.817777208737099,0.046782351320632944,8.863636363637095
2017-08-16,daytime,6,0.639909257611609,0.17115236936359915,0.2627659574468089
2017-08-16,nighttime,6,0.8802215049859727,0.020661107483266467,3.868596881959743
2017-08-17,daytime,6,0.9229780154597831,0.008670117078432916,3.014519056261419
2017-08-17,nighttime,6,0.8870570732005879,0.018413801170545585,3.5319587628865516
2017-08-18,daytime,6,-0.38627945133295755,0.449399551923558,-5.0384615384622125
2017-08-18,nighttime,6,0.7796376102038851,0.06748902139428847,9.703703703704178
2017-08-19,daytime,6,0.24235017744666718,0.64359178405205,1.7810810810808535
2017-08-19,nighttime,6,0.6422675953290883,0.1690687597155673,23.20000000000061
2017-08-20,daytime,6,0.7882391326447529,0.06251603660313973,7.060465116279082
2017-08-20,nighttime,6,0.9804993466943162,5.667054088810033e-4,6.99999999999991
2017-08-21,daytime,6,-0.015555257896058616,0.9766689950780532,-0.1465968586393183
2017-08-21,nighttime,6,0.9806484025129879,5.581030529848063e-4,4.395161290322511
2017-08-22,daytime,6,-0.9701589585175265,0.0013224450940935168,-1.048611492988722
2017-08-22,nighttime,6,0.9850944199839813,3.3160863999588084e-4,4.382899628252822
2017-08-23,daytime,6,0.9219788128785508,0.008893489053564586,8.870162506282782
2017-08-23,nighttime,6,0.9911161994209932,1.1803230582435134e-4,4.249999999999897
2017-08-24,daytime,6,0.5643757719018783,0.2433188309410882,5.763684913217477
2017-08-24,nighttime,6,0.9578633637736327,0.0026258374518035115,4.953020134227796
2017-08-25,daytime,6,0.9597079995294435,0.002402462023444561,7.749192680301452
2017-08-25,nighttime,6,0.9530140813343697,0.003259649973803644,6.599999999999465
2017-08-26,daytime,6,-0.6607894856503536,0.1530802387491651,-3.85784313725488
2017-08-26,nighttime,6,0.96509250427355,0.0018065319145919865,5.64893617021283
2017-08-27,daytime,6,0.09126843413860676,0.8634774784921788,1.4042553191477691
2017-08-27,nighttime,6,0.8435660103261194,0.0347932952147993,10.142857142857185
2017-08-28,daytime,6,-0.060371705114880804,0.9095524619957998,-2.5357142857146453
2017-08-28,nighttime,6,0.9331665305708892,0.006550806002696751,5.191489361701315
2017-08-29,daytime,6,0.6089824290189738,0.19944984613904876,15.050000000000326
2017-08-29,nighttime,6,0.8530896494414695,0.03078861923221339,5.358974358974504
2017-08-30,daytime,6,-0.5265122327850827,0.28321022968637893,-1.194800000000034
2017-08-30,nighttime,6,0.8342797655898931,0.03891919049232469,8.74999999999871
2017-08-31,daytime,6,-0.7347191386779078,0.09622647397906794,-3.3192182410423787
2017-08-31,nighttime,6,0.8294885187224407,0.04113250837957408,4.2376237623763195
2017-09-01,daytime,6,0.7080138158607241,0.11543712050204252,0.3420523138832758
2017-09-01,nighttime,6,0.6083343997201065,0.20006178172847067,10.100000000000794
2017-09-02,daytime,6,0.7862960668526779,0.06362419445586484,0.4972972972973027
2017-09-02,nighttime,6,-0.12222530175967546,0.8175750107425331,-2.7999999999888368
2017-09-03,daytime,6,-0.20005542469276674,0.7039201893640701,-0.057926829268306036
2017-09-03,nighttime,6,0.9214903475340426,0.009003690750654377,14.09756097560926
2017-09-04,daytime,6,-0.31349243618091144,0.5451659733592984,-1.5167785234902829
2017-09-04,nighttime,6,0.8093123765957463,0.05107578485404567,7.071428571428913
2017-09-05,daytime,6,0.6838358492974232,0.13413780736103129,0.5765721331689263
2017-09-05,nighttime,6,NA,NA,NA
2017-09-06,daytime,6,-0.367678204189652,0.47333539854613393,-2.2258883248731127
2017-09-06,nighttime,6,NA,NA,NA
2017-09-07,daytime,6,0.9376303924205224,0.005713644037169837,1.1403508771929847
2017-09-07,nighttime,6,0.9075950713612999,0.012413498620416507,2.9999999999998948
2017-09-08,daytime,6,0.8736779677877506,0.02292800724135126,0.5884450784593469
2017-09-08,nighttime,6,-0.04095318300507926,0.9386045680780748,-0.042168674698798404
2017-09-09,daytime,6,0.9787666965258636,6.714932134785083e-4,0.4302670623145442
2017-09-09,nighttime,6,0.8595177687659521,0.028216659449530793,0.1619223659889097
2017-09-10,daytime,6,0.858550051011009,0.02859706058511941,1.2558139534884019
2017-09-10,nighttime,6,-0.6707040828211052,0.14479996832173378,-0.6771844660193964
2017-09-11,daytime,6,-0.9231526657563814,0.008631357713269866,-1.8638220608261373
2017-09-11,nighttime,6,0.9539833753643207,0.003127573828625454,4.643564356435601
2017-09-12,daytime,6,0.5754549740904642,0.23209804366311057,4.367647058823322
2017-09-12,nighttime,6,-0.7014259927709036,0.1204112521082568,-5.2666666666679935
2017-09-13,daytime,6,0.8364370063977583,0.0379413909622806,0.7835820895522567
2017-09-13,nighttime,6,-0.023282645754256905,0.9650823419154682,-0.10227272727235359
2017-09-14,daytime,6,-0.6146954584608887,0.1940883075168677,-1.4312630844382175
2017-09-14,nighttime,6,NA,NA,NA
2017-09-15,daytime,6,0.9521759870256858,0.003376014309393913,3.7961165048543193
2017-09-15,nighttime,6,0.7921129974438759,0.06033338184674631,5.701298701297694
2017-09-16,daytime,6,0.8607667174276243,0.027729278731871327,1.5607043558850933
2017-09-16,nighttime,6,0.9532479125811087,0.0032275421500157363,3.4807692307692424
2017-09-17,daytime,6,0.8790413686853086,0.021061613442089653,2.2232215862633016
2017-09-17,nighttime,6,0.9677289828440889,0.0015453240044966934,2.8749999999999507
2017-09-18,daytime,6,0.9831227878725403,4.2485677880131336e-4,3.598946404031184
2017-09-18,nighttime,6,0.9911277189716281,1.1772685465251796e-4,3.7241379310343867
2017-09-19,daytime,6,0.9632992158722166,0.0019957043176565864,3.5349340680968546
2017-09-19,nighttime,6,0.9774483074818271,7.571335963923424e-4,3.111940298507419
2017-09-21,daytime,6,0.9603559879713806,0.0023263183246298763,3.8801143469716264
2017-09-21,nighttime,6,0.9784650028431445,6.906406606437606e-4,2.3353658536585002
2017-09-22,daytime,6,0.617528389257605,0.19145195904965145,2.6687268232385395
2017-09-22,nighttime,6,0.9784388878936988,6.9231065122617e-4,2.312500000000034
2017-09-23,daytime,6,0.7793355006074105,0.06766684342104708,2.634534786253177
2017-09-23,nighttime,6,0.9509761680595424,0.0035460937747038503,2.829341317365273
2017-09-24,daytime,6,0.9094609064380181,0.011924901895471443,3.056744649079152
2017-09-24,nighttime,6,0.9717544434653899,0.0011854498815203089,2.3896907216494574
2017-09-25,daytime,6,0.8709912002446997,0.023891341451378695,4.267099056603774
2017-09-25,nighttime,6,0.9368822375865822,0.005850051988245464,3.6216216216216335
2017-09-26,daytime,6,0.9231154044510101,0.008639619861100534,4.05579547417516
2017-09-26,nighttime,6,0.6295146223828435,0.18046281943808756,6.200000000000382
2017-09-27,daytime,6,0.9672591569840869,0.001590395719189348,4.133967156439081
2017-09-27,nighttime,6,0.964693589830653,0.001847808426421506,4.161290322580607
2017-09-28,daytime,6,0.962194165565466,0.0021169040932967347,3.514302623791723
2017-09-28,nighttime,6,0.9666907158251836,0.0016457841528592053,3.2186115214180324
2017-09-29,daytime,6,0.9286217828840071,0.00746044416758062,5.65575501583946
2017-09-29,nighttime,6,0.9781740068202783,7.093622998214029e-4,3.862595419847248
2017-09-30,daytime,6,0.3796149396740688,0.4579302709084827,5.674999999999835
2017-09-30,nighttime,6,0.8464372881422328,0.033561639667816175,5.956521739130434
2017-10-01,daytime,6,-0.6916879598891766,0.1279309680566534,-3.7613727055068855
2017-10-01,nighttime,6,0.9590244476323143,0.0024840949457098807,5.777777777777749
2017-10-02,daytime,6,0.07852168354185143,0.8824595434841999,0.08433734939758555
2017-10-02,nighttime,6,0.9437693279952531,0.004653935154306628,3.01052631578949
2017-10-03,daytime,6,0.8627255189397527,0.026973005130331268,0.29715568862275366
2017-10-03,nighttime,6,0.9742498034004614,9.860718121466653e-4,6.272727272726781
2017-10-04,daytime,6,0.26467738350798303,0.6122547949788653,0.3264453884368924
2017-10-04,nighttime,6,0.5731859161352907,0.2343789764969061,8.000000000002178
2017-10-05,daytime,6,0.2075536107948614,0.6931401330595334,0.4007731958762909
2017-10-05,nighttime,6,0.6869252472173552,0.13168056493806207,5.133333333333383
2017-10-06,daytime,6,-0.23176644163222146,0.6585750839601465,-0.2511409013120403
2017-10-06,nighttime,6,0.9657291439150913,0.0017416119492881853,4.458333333332999
2017-10-07,daytime,6,-0.36717744476188907,0.4739851314796587,-10.727272727274427
2017-10-07,nighttime,6,NA,NA,NA
2017-10-08,daytime,6,-0.4563347461387559,0.3630117741158882,-0.6711043872919831
2017-10-08,nighttime,6,NA,NA,NA
2017-10-09,daytime,6,-0.5265955127272917,0.28311994494099896,-0.30615424565047916
2017-10-09,nighttime,6,NA,NA,NA
2017-10-10,daytime,6,-0.09656853084047168,0.8555974777462471,-0.7032967032969318
2017-10-10,nighttime,6,NA,NA,NA
2017-10-11,daytime,6,-0.3212645184473319,0.5346822208968128,-1.7241379310344456
2017-10-11,nighttime,6,-0.10086756215044282,0.8492117834326967,-3.3999999999917696
2017-10-12,daytime,6,0.8443357876314044,0.03446104374485022,4.531308121512783
2017-10-12,nighttime,6,0.4165446685613063,0.4113202176008877,4.50000000000184
2017-10-13,daytime,6,0.9414475770869167,0.005042209183294161,6.150684931506893
2017-10-13,nighttime,6,0.874085907052763,0.022783394600135544,5.090909090909017
2017-10-14,daytime,6,0.19552267932552553,0.7104533108142883,1.9593908629431767
2017-10-14,nighttime,6,0.8997545001304226,0.014570048820182462,3.3499999999999006
2017-10-15,daytime,6,0.006413776621426164,0.9903794669881197,0.025249169435156055
2017-10-15,nighttime,6,0.9571932644789519,0.0027094050224453913,5.487012987013065
2017-10-16,daytime,6,-0.490884789448921,0.32281654848946834,-4.222222222221965
2017-10-16,nighttime,6,0.994951145633976,3.817204561633401e-5,2.6881188118811146
2017-10-17,daytime,6,0.7901136034422601,0.061455459993119056,6.290909090910276
2017-10-17,nighttime,6,0.8815789473684194,0.020204977037469606,1.763157894736871
2017-10-18,daytime,6,0.9732421877364532,0.001064391739565947,0.7527366387636903
2017-10-18,nighttime,6,0.8644251876230613,0.026324826190370056,2.6637168141594016
2017-10-19,daytime,6,0.9028182540983799,0.01370753122485255,1.6891719745222757
2017-10-19,nighttime,6,0.8316320352807846,0.04013522901596821,0.4531250000000134
2017-10-20,daytime,6,0.8285894394058771,0.04155421385104563,6.672566371680683
2017-10-20,nighttime,6,0.960512783500786,0.002308075371287888,1.471910112359553
2017-10-21,daytime,6,0.3230291412349129,0.5323099824729319,2.9565217391309386
2017-10-21,nighttime,6,0.18686186173724145,0.7229695684100056,1.300000000000115
2017-10-22,daytime,6,0.9726976340914827,0.0011079529226426892,1.1584158415841714
2017-10-22,nighttime,6,0.701646415445622,0.12024334063356547,1.9999999999997333
2017-10-23,daytime,6,0.36304154470242367,0.47936196884202725,0.7499999999999996
2017-10-23,nighttime,6,0.2773500981126214,0.5946421642969384,0.14285714285716838
2017-10-24,daytime,6,0.9815891097136896,5.053210359048756e-4,0.36352067868504606
2017-10-24,nighttime,6,0.31428571428571517,0.54409329446064,0.7333333333334388
2017-10-25,daytime,6,-0.22582297477506297,0.6670235738476067,-0.800000000000033
2017-10-25,nighttime,6,0.8248761797834306,0.04331714909421555,0.563106796116506
2017-10-26,daytime,6,0.7836846596230788,0.06512754070854253,4.955223880597129
2017-10-26,nighttime,6,0.73038876082228,0.0992362802520469,1.5749999999999456
2017-10-27,daytime,6,0.6020895665475574,0.2059979503356908,0.5028746646224633
2017-10-27,nighttime,6,0.1463850109422824,0.7819908944181009,0.4999999999998493
2017-10-28,daytime,6,-0.4365261566072958,0.386801904615385,-0.8326996197718867
2017-10-28,nighttime,6,0.8907539631968038,0.017250135686146247,1.8333333333333879
2017-10-29,daytime,6,-0.8744981695480722,0.022637692736932676,-1.3326403326403304
2017-10-29,nighttime,6,NA,NA,NA
2017-10-30,daytime,6,0.9804785578377279,5.679103751160031e-4,0.46401225114854483
2017-10-30,nighttime,6,0.4214070391171248,0.40530699251572183,0.8456375838926505
2017-10-31,daytime,6,0.9141089879948039,0.010749078496065368,0.3477321814254841
2017-10-31,nighttime,6,0.768389251891853,0.07425309790112469,0.8823529411764908
2017-11-01,daytime,6,0.9604363009584539,0.0023169651650905673,0.5190476190476158
2017-11-01,nighttime,6,0.7789160313121402,0.06791409730651966,2.7402597402596753
2017-11-02,daytime,6,0.9781099441399251,7.135172395513085e-4,0.7835820895522623
2017-11-02,nighttime,6,NA,NA,NA
2017-11-03,daytime,6,-0.3578132236660785,0.4861856322279923,-0.03282828282828682
2017-11-03,nighttime,6,-0.7745966692414835,0.07048399691021986,-1.1999999999993878
2017-11-04,daytime,6,0.351323134013376,0.4946968451219874,0.22765598650928381
2017-11-04,nighttime,6,0.21483446221183788,0.6827060250409782,0.40000000000001146
2017-11-06,daytime,6,0.3355005782937842,0.5156312121363311,0.32551319648092464
2017-11-06,nighttime,6,0.5596800712383049,0.24813748461437443,0.9220779220778172
2017-11-07,daytime,6,-0.32213802466483343,0.5335075626296277,-0.12561983471076027
2017-11-07,nighttime,6,0.7925270806437553,0.06010218122000693,0.3636363636363851
2017-11-08,daytime,6,0.44324478356086394,0.37867407577576173,6.499999999999647
2017-11-08,nighttime,6,0.3071475584169756,0.5537667547526959,0.9999999999991102
2017-11-09,daytime,6,-0.9487179487179539,0.0038773411554468857,-0.9487179487179539
2017-11-09,nighttime,6,0.9408664824109282,0.005141771112719381,0.5813449023861224
2017-11-10,daytime,6,0.7086225530893018,0.11498213326615768,0.5021459227468161
2017-11-10,nighttime,6,-0.7016860722940446,0.12021314207344233,-0.11254019292603785
2017-11-11,daytime,6,0.715515005075396,0.10988563961912658,0.4999999999999922
2017-11-11,nighttime,6,0.7624466777536528,0.07794461660299035,0.22284122562674089
2017-11-12,daytime,6,0.4173650061841501,0.4103036364236845,0.2903225806450992
2017-11-12,nighttime,6,-0.17684756188408815,0.7374941162410207,-0.10344827586205964
2017-11-13,daytime,6,0.467099366496916,0.3503072447815628,0.09090909090908739
2017-11-13,nighttime,6,-0.7312724241271302,0.09861874993955311,-0.22727272727269351
2017-11-14,daytime,6,0.8355741551606324,0.03833109074331657,0.4932126696832399
2017-11-14,nighttime,6,-0.8302398586290664,0.04078164160518759,-0.27487352445192387
2017-11-16,daytime,6,-0.2573070083610608,0.6225572367007053,-0.03310344827587039
2017-11-16,nighttime,6,0.12746248212762018,0.8098416981653758,0.06034482758621963
2017-11-17,daytime,6,0.9625160773537607,0.002081233396554477,0.4035964035963994
2017-11-17,nighttime,6,0.82947488716989,0.041138887130410605,0.41643835616439173
2017-11-18,daytime,6,0.9741036775703432,9.972459834721578e-4,0.6951672862453561
2017-11-18,nighttime,6,0.9876332468862389,2.284592093856856e-4,1.28755364806867
2017-11-19,daytime,6,-0.06170958689704851,0.9075531169638276,-0.07692307692306573
2017-11-19,nighttime,6,0.9262116498428279,0.007966202452607839,1.0833333333333646
2017-11-20,daytime,6,-0.5178382224025179,0.2926734895116432,-0.1340782122905101
2017-11-20,nighttime,6,-0.43081795820338803,0.39375385521713385,-1.9000000000001758
2017-11-21,daytime,6,0.728428263322222,0.10061244040193218,0.16243093922651833
2017-11-21,nighttime,6,0.2626128657194408,0.6151363174801294,0.18390804597698587
2017-11-22,daytime,6,0.274721984664609,0.5982839550109011,0.20446096654274826
2017-11-22,nighttime,6,0.8954875674137789,0.015813486110479922,1.4444444444444116
2017-11-23,daytime,6,0.7813027627842883,0.06651274395934796,0.6379310344827348
2017-11-23,nighttime,6,0.7000000000000043,0.1214999999999967,0.31111111111111
2017-11-24,daytime,6,0.887754687833949,0.018191425243869862,0.2696160267111792
2017-11-24,nighttime,6,0.9570288150144692,0.0027301104734909726,0.651191969887076
2017-11-25,daytime,6,0.9248250944375699,0.008264482929527051,0.5054054054054096
2017-11-25,nighttime,6,0.7156780854205467,0.10976628398907597,0.9999999999998711
2017-11-26,daytime,6,0.9213902015581039,0.009026365975720168,0.41121495327103263
2017-11-26,nighttime,6,0.4472135954999474,0.37390096630007164,0.3999999999999985
2017-11-27,daytime,6,-0.7754020030260512,0.07000155046216759,-0.3300970873786512
2017-11-27,nighttime,6,0.587753813645261,0.21989039279810868,1.2666666666665838
2017-11-28,daytime,6,-0.8314876315471758,0.04020205362889726,-0.1106194690265794
2017-11-28,nighttime,6,0.9366097648767054,0.005900121678173982,0.4117647058823644
2017-11-29,daytime,6,NA,NA,-1.8320706768983356e-14
2017-11-29,nighttime,6,0.44721359549995787,0.373900966300059,0.6000000000000146
2017-11-30,daytime,6,0.9348734883963499,0.006224077941684384,3.1500000000000234
2017-11-30,nighttime,6,0.9456108576893025,0.004356821798037934,0.8253968253968264
2018-04-02,daytime,6,-0.939488835444567,0.005381617682373572,-0.4273648648648822
2018-04-02,nighttime,6,-0.3430891508728834,0.5055588140467783,-0.24144486692013387
2018-04-03,daytime,6,0.40790124962506,0.42208212995630906,0.3208191126279688
2018-04-03,nighttime,6,-0.6067556064780425,0.20155584633500007,-3.4090909090901143
2018-04-04,daytime,6,-0.18333969940564357,0.7280717903773437,-0.06722689075631016
2018-04-04,nighttime,6,-0.41792793473662493,0.40960652985452173,-0.3690476190476322
2018-04-05,daytime,6,-0.9342533282387241,0.006341838173023488,-0.8684210526316092
2018-04-05,nighttime,6,0.37210420376762354,0.46760475460940026,0.0769230769230849
2018-04-06,daytime,6,-0.13999160915774164,0.7913843395874102,-0.5617529880478102
2018-04-06,nighttime,6,0.832390114770363,0.03978527201687935,1.0937500000000078
2018-04-07,daytime,6,0.9382424415911859,0.005603222489919984,3.0904109589041413
2018-04-07,nighttime,6,0.9146768081493818,0.01060949217505188,2.16666666666675
2018-04-08,daytime,6,0.8746255494344832,0.022592764280547167,0.5146443514644345
2018-04-08,nighttime,6,0.8312511140513702,0.040311617388634036,2.0990099009900645
2018-04-09,daytime,6,0.36196138299650793,0.48076929952506225,0.10606060606060243
2018-04-09,nighttime,6,0.9529039283259626,0.003274829466055276,1.2702702702702642
2018-04-10,daytime,6,0.8567730861210935,0.029301848495621664,2.2946175637393957
2018-04-10,nighttime,6,NA,NA,NA
2018-04-11,daytime,6,0.9042664257632692,0.013308680711909729,0.5172413793103489
2018-04-11,nighttime,6,0.14625448482542613,0.7821824918509028,0.09090909090903013
2018-04-12,daytime,6,0.04841307329492159,0.9274371259594935,0.15714285714280207
2018-04-12,nighttime,6,0.29277002188455903,0.5733922538253569,0.07142857142859352
2018-04-13,daytime,6,-0.07373559220745236,0.8895970595941453,-0.2242268041237359
2018-04-13,nighttime,6,-0.7592566023652801,0.07995964654559215,-1.4000000000002448
2018-04-14,daytime,6,-0.6969923130489795,0.12381036540332581,-2.9423076923077063
2018-04-14,nighttime,6,-0.9865585285765226,2.6979547452381036e-4,-1.9285714285715623
2018-04-15,daytime,6,0.1403163162268079,0.7909068463844315,0.2412125120928248
2018-04-15,nighttime,6,-0.6565321642986122,0.1566957544785064,-6.666666666666548
2018-04-16,daytime,6,0.6094811634300645,0.19897941246367884,0.13260805645398102
2018-04-16,nighttime,6,-0.07932783987031049,0.8812578415213572,-0.4999999999994427
2018-04-17,daytime,6,-0.6762200222575787,0.14027872104325734,-0.42539388322521265
2018-04-17,nighttime,6,0.7990476749633187,0.05651534339553574,1.5225225225225674
2018-04-18,daytime,6,0.9772753635109835,7.68746050757919e-4,0.7832113977666677
2018-04-18,nighttime,6,-0.6357639532057476,0.17484063136372752,-3.400000000000696
2018-04-19,daytime,6,0.9124499323312281,0.011161985260749763,0.4514652014652071
2018-04-19,nighttime,6,-0.8592480330617231,0.028322447509505848,-2.3120000000000593
2018-04-20,daytime,6,0.9780463873207335,0.00071765127074278315,0.6169838945827247
2018-04-20,nighttime,6,-0.6902805604423812,0.12903410305655416,-1.4500000000002613
2018-04-21,daytime,6,0.9085593245866349,0.012159809780050114,0.6905025459375721
2018-04-21,nighttime,6,0.9872406016327382,2.4316474068139437e-4,0.9809523809523799
2018-04-22,daytime,6,-0.621645933747613,0.1876466664680002,-3.3558718861211454
2018-04-22,nighttime,6,-0.288724645809411,0.5789473518573562,-0.32727272727269124
2018-04-23,daytime,6,0.9481950641088487,0.00395611128986552,2.5075987841945953
2018-04-23,nighttime,6,-0.5739347427445175,0.2336252505004001,-0.28947368421051123
2018-04-24,daytime,6,-0.7678360453334924,0.07459332236879532,-1.2352941176472363
2018-04-24,nighttime,6,0.6152073744977092,0.19361081675834715,1.1406249999999827
2018-04-25,daytime,6,0.32275906253508513,0.5326728626688562,0.4630940343781262
2018-04-25,nighttime,6,-0.9718918787295074,0.001173996079800212,-0.6842105263157607
2018-04-26,daytime,6,-0.18285664891303338,0.728772074742997,-0.044222539229681515
2018-04-26,nighttime,6,-0.794186438916361,0.05917978173423944,-0.49557522123896003
2018-04-27,daytime,6,0.8524863356923299,0.031035452331261763,0.6963190184049158
2018-04-27,nighttime,6,0.5510140510374544,0.25712739797053,0.3275862068965648
2018-04-28,daytime,6,0.8897365331290876,0.017566754803297186,0.39939759036144024
2018-04-28,nighttime,6,-0.12168274499900832,0.8183767418694541,-0.06909788867562712
2018-04-29,daytime,6,0.9770810926238727,7.818950933644607e-4,0.834745762711872
2018-04-29,nighttime,6,0.560353603743563,0.24744403463764397,0.2744721689059404
2018-04-30,daytime,6,0.9747755925438811,9.463813211764239e-4,0.6583381754793671
2018-04-30,nighttime,6,-0.16898056659208152,0.7489417221512649,-0.09756097560972304
2018-05-01,daytime,6,0.057384450801159496,0.9140178065847584,0.012742382271467019
2018-05-01,nighttime,6,0.8719896124978582,0.023531157658702714,0.405940594059413
2018-05-02,daytime,6,0.3900575186103694,0.44458634689090526,0.514465408805012
2018-05-02,nighttime,6,0.720903192499904,0.10597241512368924,1.8387096774193175
2018-05-03,daytime,6,0.7905296135997606,0.06122120982737036,0.11864406779660716
2018-05-03,nighttime,6,0.5738138356898633,0.23374688329341536,1.0319148936169644
2018-05-04,daytime,6,0.6765522920975392,0.14000833558520348,0.07583576396678834
2018-05-04,nighttime,6,0.6490223351899381,0.1631603336072449,9.9999999999984
2018-05-05,daytime,6,0.9893860039163804,1.6838749927867633e-4,0.5737704918032838
2018-05-05,nighttime,6,-0.5597585329140645,0.24805666348197616,-5.300000000000076
2018-05-06,daytime,6,0.7803356264718119,0.0670789848241615,0.3099476439790571
2018-05-06,nighttime,6,NA,NA,NA
2018-05-07,daytime,6,0.9618065251775215,0.0021602550747834414,0.44709744814206936
2018-05-07,nighttime,6,0.11915659018306612,0.8221110248146009,0.8846153846153317
2018-05-08,daytime,6,0.9606043540770305,0.0022974540220541263,0.39585253456221237
2018-05-08,nighttime,6,-0.14945153735954267,0.7774917509466139,-0.3673110720561463
2018-05-09,daytime,6,0.9412043444536821,0.005083767460049136,0.5657439446366761
2018-05-09,nighttime,6,0.9657691436240797,0.0017375722632077865,2.990909090909023
2018-05-11,daytime,6,0.7139932727843754,0.11100211861048045,3.0263157894736805
2018-05-11,nighttime,6,0.08929704682236697,0.8664104554209895,0.7000000000032175
2018-05-12,daytime,6,0.5922287578613317,0.21551451077583964,2.8187022900763323
2018-05-12,nighttime,6,0.3450172512938483,0.5030090157161172,1.3663366336632663
2018-05-13,daytime,6,0.9402321104596946,0.005251549484114196,2.9425605536332307
2018-05-13,nighttime,6,0.9316019848427068,0.006857439893090298,5.531914893616585
2018-05-14,daytime,6,0.434163015301977,0.389674803714196,0.5545706371191151
2018-05-14,nighttime,6,0.9435864863199012,0.004683959221437432,5.427509293680114
2018-05-15,daytime,6,-0.28474033406504795,0.5844324531701093,-0.30591259640095914
2018-05-15,nighttime,6,0.4422458539645569,0.37987874965597834,0.3372093023255493
2018-05-16,daytime,6,-0.8928947279873205,0.01659297777117944,-1.2443564356435899
2018-05-16,nighttime,6,0.8170122552757436,0.04716314416307174,2.8666666666667053
2018-05-17,daytime,6,0.00352427421521623,0.994713610563815,0.0018382352941152809
2018-05-17,nighttime,6,NA,NA,NA
2018-05-18,daytime,6,0.4288444648993085,0.3961671754629727,0.43506493506495986
2018-05-18,nighttime,6,0.8543850082333694,0.030261798559919336,4.946428571428495
2018-05-19,daytime,6,-0.11446578731842941,0.8290512082306577,-0.06204379562046218
2018-05-19,nighttime,6,-0.5396597966411413,0.26909359381747916,-0.7621621621620773
2018-05-20,daytime,6,-0.18233692233542134,0.7295256718291971,-0.15584415584418257
2018-05-20,nighttime,6,-0.641732640354885,0.16954045826333916,-0.3431839847473567
2018-05-21,daytime,6,0.25423004523473075,0.6268707467143655,0.16256157635466373
2018-05-21,nighttime,6,-0.5730430859703107,0.23452285070046935,-0.2918918918918867
2018-05-22,daytime,6,0.9653938544022571,0.0017756560638422833,0.8125000000000194
2018-05-22,nighttime,6,-0.16574838603294403,0.7536541844949923,-0.6666666666663377
2018-05-23,daytime,6,0.9277092434084383,0.007650036167069729,0.7360774818402054
2018-05-23,nighttime,6,0.2169304578186693,0.6797085593383183,0.3529411764706037
2018-05-24,daytime,6,0.8868845308849367,0.018469001631252858,1.151069518716563
2018-05-24,nighttime,6,0.9805999972872755,5.608894643491313e-4,1.5999999999999022
2018-05-25,daytime,6,0.24494897427831927,0.6399250078108707,1.200000000000105
2018-05-25,nighttime,6,0.9875075440995561,2.3311738621822545e-4,2.62376237623765
2018-05-26,daytime,6,-0.17921802479601334,0.7340511236729924,-0.47272727272729625
2018-05-26,nighttime,6,0.9772727272727271,7.689237415477233e-4,1.3437499999999123
2018-05-27,daytime,6,0.6261279414744451,0.1835404969497495,0.7307692307692437
2018-05-27,nighttime,6,0.9611317834414599,0.0022367475367661652,1.7425742574256953
2018-05-28,daytime,6,0.5703114285144287,0.23728121485446607,0.8926174496644073
2018-05-28,nighttime,6,0.33218191941493436,0.5200543991901438,0.8000000000003011
2018-05-29,daytime,6,NA,NA,-1.8840108249547805e-14
2018-05-29,nighttime,6,0.7944416975185221,0.059038471150651355,1.8314606741571673
2018-05-30,daytime,6,-0.5232166435699371,0.28679179241880587,-0.07051282051282921
2018-05-30,nighttime,6,-0.4671811190600039,0.35021137600426255,-1.439024390243885
2018-05-31,daytime,6,-0.9857281161802885,3.0407650541604e-4,-1.2307692307692815
2018-05-31,nighttime,6,0.48186942465247,0.3331404556667156,0.8823529411761913
2018-06-01,daytime,6,0.9684928728713372,0.0014734100421121617,0.6609589041095896
2018-06-01,nighttime,6,0.9432320567893218,0.004742428895361893,0.884039900249368
2018-06-02,daytime,6,0.939643559878249,0.005354413562495096,0.23544800523217796
2018-06-02,nighttime,6,0.3318318241979722,0.5205216562712431,0.07865168539329484
2018-06-03,daytime,6,0.15819933372656034,0.7646806290817869,0.05656108597284705
2018-06-03,nighttime,6,0.7196763181246463,0.10685794092135234,0.745098039215697
2018-06-04,daytime,6,0.9933860505758287,6.547182909510466e-5,0.6650135256988288
2018-06-04,nighttime,6,0.9267590973766675,0.007849904208779719,1.2105263157894792
2018-06-05,daytime,6,0.9200747141462896,0.009326793564344455,0.5855932203390009
2018-06-05,nighttime,6,-0.6374786167917995,0.17331103203284637,-0.23170731707315817
2018-06-06,daytime,6,0.8539936127244724,0.030420525452194577,0.6337308347530088
2018-06-06,nighttime,6,0.9453131868733202,0.004404196803629457,0.5106382978723338
2018-06-07,daytime,6,0.95959563475193,0.0024157887763194366,0.6468750000000061
2018-06-07,nighttime,6,0.9965739462145731,1.7586659567596524e-5,1.2662116040955205
2018-06-08,daytime,6,0.9301649558982827,0.00714510964803276,0.40026595744680604
2018-06-08,nighttime,6,0.9934728255133898,6.376696827494637e-5,1.151006711409369
2018-06-09,daytime,6,0.9906181294717102,1.3161634816319194e-4,0.7359932088285333
2018-06-09,nighttime,6,0.9929806595176706,7.373378575366509e-5,1.762013729977063
2018-06-10,daytime,6,0.7149705672635505,0.1102845174077161,0.27730192719486313
2018-06-10,nighttime,6,0.6690305695911456,0.1461838236862405,1.5324675324672594
2018-06-11,daytime,6,0.9775847181810692,7.480360669764103e-4,0.76856435643565
2018-06-11,nighttime,6,-0.7937623013778703,0.05941492656592425,-6.634146341461685
2018-06-12,daytime,6,0.9583159197007111,0.0025701294771584477,1.8543689320388845
2018-06-12,nighttime,6,0.827240209584292,0.042190828159304326,9.413043478260649
2018-06-13,daytime,6,-0.811235810535577,0.05008486366053559,-0.745205479452051
2018-06-13,nighttime,6,-0.10410072376903236,0.8444129820720545,-0.6138613861382237
2018-06-14,daytime,6,0.9670248388874888,0.0016131139193844499,0.7310541310541325
2018-06-14,nighttime,6,-0.04998380416884009,0.9250867330320438,-0.17821782178188234
2018-06-15,daytime,6,0.8656924281242863,0.025846430624584114,0.6724555735056673
2018-06-15,nighttime,6,-0.07510522101576424,0.8875539950247961,-1.2499999999901596
2018-06-16,daytime,6,0.3807508699834386,0.4564726550441945,2.3258426966301124
2018-06-16,nighttime,6,0.9920382413424234,9.4832055030277e-5,1.780419580419576
2018-06-17,daytime,6,0.9222685218466261,0.008828440147749812,0.32829373650108656
2018-06-17,nighttime,6,0.9385392289104934,0.005550057805261144,1.2342857142856527
2018-06-18,daytime,6,0.9958220100974485,2.6146934779243096e-5,0.8505481823427612
2018-06-18,nighttime,6,0.9609463446884567,0.0022579999067035197,2.4193548387096224
2018-06-19,daytime,6,0.11006335666049334,0.8355716155950961,0.07749077490774862
2018-06-19,nighttime,6,0.9844641960849463,3.601669347670136e-4,1.3145025295109567
2018-06-20,daytime,6,0.8846039403919833,0.019206054437143526,1.179010356731879
2018-06-20,nighttime,6,0.9982206009742812,4.746574318319625e-6,1.3240929474113163
2018-06-21,daytime,6,0.8156025463563547,0.04786865144860476,0.9657894736842235
2018-06-21,nighttime,6,0.936389967841923,0.005940663679608227,1.7299999999999773
2018-06-22,daytime,6,0.542292299727464,0.2663004645890121,3.4223602484471964
2018-06-22,nighttime,6,0.9583782507624824,0.0025625028793233033,4.9743589743590855
2018-06-23,daytime,6,-0.41668272376118204,0.4111490775358846,-8.246753246755505
2018-06-23,nighttime,6,0.9444248251866435,0.004547075339295246,8.000000000000341
2018-06-24,daytime,6,0.6608528929839464,0.15302666126217693,2.695481335952896
2018-06-24,nighttime,6,0.8954446024778604,0.015826255750699444,5.649999999999922
2018-06-25,daytime,6,0.6291250653765723,0.18081573267971038,5.756838905775023
2018-06-25,nighttime,6,0.9315776194850602,0.006862269366727188,3.416666666666648
2018-06-26,daytime,6,0.24031368781161327,0.6464686063489524,5.16666666666439
2018-06-26,nighttime,6,0.7896311787639624,0.06172762102334303,2.896551724137935
2018-06-27,daytime,6,0.7505271096888841,0.08559189691509918,0.8396694214875914
2018-06-27,nighttime,6,-0.014555562743489759,0.9781681977875983,-0.3999999999942874
2018-06-28,daytime,6,-0.8126047985873671,0.049385067230906285,-0.448551448551454
2018-06-28,nighttime,6,-0.6948768565869361,0.1254466964068022,-1.0930979133225787
2018-06-29,daytime,6,-0.1449951651470752,0.7840314123052974,-0.3904382470118745
2018-06-29,nighttime,6,0.8902471696703798,0.017407501704791575,2.36144578313251
2018-06-30,daytime,6,0.9702522880176736,0.001314227284912023,3.703488372092795
2018-06-30,nighttime,6,0.2664740200495135,0.6097499172762277,2.6000000000031633
2018-07-01,daytime,6,-0.5540449092909475,0.2539690448095321,-0.42857142857142017
2018-07-01,nighttime,6,0.6108534127692925,0.19768737990073726,18.8000000000042
2018-07-02,daytime,6,0.22535926732304956,0.6676837369630964,0.44145873320536483
2018-07-02,nighttime,6,0.6896435291873086,0.12953476408444548,4.357142857142799
2018-07-03,daytime,6,0.9128427058975292,0.01106355030360141,2.0096564825075545
2018-07-03,nighttime,6,0.11343661701089902,0.8305749180817201,0.8571428571429941
2018-07-04,daytime,6,0.9040132700253009,0.013377993916327165,2.4974561899378505
2018-07-04,nighttime,6,0.9981318387407161,5.231779769891956e-6,1.6926869350862368
2018-07-05,daytime,6,0.7699406099581165,0.07330277060286089,1.7938671209540216
2018-07-05,nighttime,6,0.9565970452785241,0.0027848431171705987,1.4613233923578723
2018-07-06,daytime,6,0.9593845747700601,0.0024409192879229803,3.69120521172644
2018-07-06,nighttime,6,0.9476921329702,0.004032609313543413,2.3865546218485587
2018-07-07,daytime,6,0.9305373314782838,0.007070012625035332,1.0982142857142883
2018-07-07,nighttime,6,0.6667523383551236,0.1480767624143865,3.661538461538261
2018-07-08,daytime,6,0.8171680939513091,0.04708545149781816,4.6461538461538465
2018-07-08,nighttime,6,0.6933020612226118,0.12667087842501057,4.935483870968477
2018-07-09,daytime,6,0.6331130843152721,0.17721642163188303,0.8095238095238291
2018-07-09,nighttime,6,0.8494227377117767,0.03230321020177237,3.0000000000000067
2018-07-10,daytime,6,-0.5136539681560854,0.2972803817196295,-1.1499999999999875
2018-07-10,nighttime,6,-0.6826083374191482,0.1351195850705857,-0.5307557117749895
2018-07-11,daytime,6,0.3191604949307247,0.5375146476184492,0.3164556962025367
2018-07-11,nighttime,6,-0.6626716244506973,0.15149327847593594,-0.8155339805824897
2018-07-12,daytime,6,0.7542626454744138,0.08316061904860778,2.517241379310578
2018-07-12,nighttime,6,0.017767661134034645,0.9733513128334845,0.013574660633489033
2018-07-13,daytime,6,-0.5351295510095104,0.27392649556209714,-0.7636363636363594
2018-07-13,nighttime,6,0.3492151478847919,0.49747088475115364,1.9999999999993696
2018-07-14,daytime,6,0.05348281873006072,0.9198522633504611,0.05263157894735657
2018-07-14,nighttime,6,-0.3859605125416044,0.44980663488034733,-0.6206896551724366
2018-07-15,daytime,6,0.7309976187220243,0.09881060873006066,0.38740920096852316
2018-07-15,nighttime,6,NA,NA,NA
2018-07-16,daytime,6,0.7595545253127561,0.07977047894801055,0.7499999999999967
2018-07-16,nighttime,6,0.3543746539311705,0.4906894508617131,2.399999999999757
2018-07-17,daytime,6,NA,NA,NA
2018-07-17,nighttime,6,-0.7162186671172818,0.1093710501974619,-2.8275862068956337
2018-07-18,daytime,6,0.9078549916598676,0.012344865913809929,0.9460842859580268
2018-07-18,nighttime,6,NA,NA,NA
2018-07-19,daytime,6,0.9974098090985598,1.0054944448334932e-5,2.9291970802920453
2018-07-19,nighttime,6,0.8359185173958524,0.03817533843261451,2.310810810810677
2018-07-20,daytime,6,0.9661868033445976,0.0016956685426742337,1.0085592011412357
2018-07-20,nighttime,6,0.9549450353332198,0.002999195102503606,1.391566265060166
2018-07-21,daytime,6,0.9199532865884104,0.009354765781336373,0.7627178313677169
2018-07-21,nighttime,6,0.11572751247157026,0.8271836923136596,0.06250000000000205
2018-07-22,daytime,6,0.9322972529986575,0.006720329674569701,1.2730883813306917
2018-07-22,nighttime,6,0.8945299046843692,0.016099289949744126,3.1486486486485252
2018-07-23,daytime,6,-0.7240200608954201,0.10373739425379977,-1.1658767772511962
2018-07-23,nighttime,6,-0.578687658679519,0.22886380176889853,-0.24675324675324473
2018-07-24,daytime,6,0.9615915786625037,0.002184480061721609,0.953386911595868
2018-07-24,nighttime,6,-0.7669288444995171,0.0751527805783114,-3.029411764705734
2018-07-25,daytime,6,0.9777692333166078,7.358171808827982e-4,1.1027601641178737
2018-07-25,nighttime,6,NA,NA,NA
2018-07-26,daytime,6,0.6022630792503614,0.20583205908978855,1.757009345794374
2018-07-26,nighttime,6,-0.24373333911071832,0.6416395954659242,-0.11881188118809177
2018-07-27,daytime,6,0.9213488375655127,0.009035739772552145,1.1175552665799768
2018-07-27,nighttime,6,-0.9730672655996798,0.0010782901452539451,-1.0370370370370148
2018-07-28,daytime,6,0.7810788736794795,0.06664363207160823,0.37391304347825927
2018-07-28,nighttime,6,0.5991712703227057,0.20879619831920967,3.399999999998904
2018-07-29,daytime,6,0.8083160849445772,0.051592590411355756,0.9112508735150041
2018-07-29,nighttime,6,0.6520924180445691,0.1605042162073595,0.8461538461538204
2018-07-30,daytime,6,0.7843825275553176,0.06472421706151342,0.3026476962216135
2018-07-30,nighttime,6,0.48412291827591125,0.3305487770715877,0.3749999999999926
2018-07-31,daytime,6,0.9881527572938366,2.0970431693962869e-4,2.617819460726906
2018-07-31,nighttime,6,0.9975154942917904,9.251484781760247e-6,2.2226804123710893
2018-08-01,daytime,6,0.9870446588866368,2.506740772265776e-4,1.2017014541497815
2018-08-01,nighttime,6,0.5859629690996349,0.22165150116129112,0.5722543352601098
2018-08-02,daytime,6,0.8883811489717786,0.01799283517790653,0.6070496083550899
2018-08-02,nighttime,6,-0.28000000000000363,0.590975999999995,-0.46666666666640144
2018-08-03,daytime,6,0.8567562572692633,0.02930856205381626,0.7412318220701427
2018-08-03,nighttime,6,-0.20208992091257494,0.7009918287808646,-0.1512605042016435
2018-08-04,daytime,6,-0.22720966480822669,0.6650502649872755,-0.1235294117646934
2018-08-04,nighttime,6,0.6569035143850988,0.15637896221760939,0.2366412213740501
2018-08-05,daytime,6,0.956206638304576,0.002834793056767831,0.4229510878455765
2018-08-05,nighttime,6,-0.35711875335334964,0.4870942265168227,-0.1776155717761422
2018-08-06,daytime,6,0.9943250821905292,4.8215658725874606e-5,1.0178854426081105
2018-08-06,nighttime,6,0.935414346693486,0.006122256638171699,0.8749999999999707
2018-08-07,daytime,6,-0.9470722972145716,0.004127878292178967,-2.5984251968503296
2018-08-07,nighttime,6,0.8955334711889911,0.01579984849526792,0.7500000000000122
2018-08-08,daytime,6,0.9645228614796374,0.001865614787834073,0.564422456442245
2018-08-08,nighttime,6,0.9778366659109176,7.313766038142217e-4,0.97350993377481565
2018-08-09,daytime,6,0.8854780771571713,0.01892191320145271,0.8987975951903888
2018-08-09,nighttime,6,0.2000000000000064,0.7039999999999909,0.07500000000000416
2018-08-10,daytime,6,0.8879529754338419,0.01812845438540499,0.802023453667507
2018-08-10,nighttime,6,0.8034734720282702,0.05413882406798524,0.6455696202531637
2018-08-11,daytime,6,0.4639688122260775,0.35398538243339034,0.7950530035334791
2018-08-11,nighttime,6,-0.5572782125753561,0.2506165650772392,-0.4968944099377912
2018-08-12,daytime,6,0.9604997884838331,0.0023095846322030863,0.8308677412232374
2018-08-12,nighttime,6,0.8835378921536949,0.019555321455299538,0.6715542521994176
2018-08-13,daytime,6,0.9746522696962316,9.556180947822832e-4,0.8475530693142683
2018-08-13,nighttime,6,0.98477189179351865,3.4607725611769094e-4,0.9610389610389697
2018-08-14,daytime,6,0.849206348409126,0.03239366032537833,0.7705851890212329
2018-08-14,nighttime,6,0.8724920373266788,0.023350890703213046,2.9677419354838444
2018-08-15,daytime,6,0.9800998399137061,5.900841625957634e-4,1.0657038242473547
2018-08-15,nighttime,6,0.16798333369931331,0.7503951099365188,0.12264150943396195
2018-08-16,daytime,6,0.9488951261408719,0.003850826690910709,0.9606519057204058
2018-08-16,nighttime,6,0.8632886694105676,0.026757415309256564,0.9603960396039516
2018-08-17,daytime,6,0.9539901527393221,0.0031266598055296633,0.8772089633813173
2018-08-17,nighttime,6,0.9368242040634295,0.0058606987640560425,1.4718309859154353
2018-08-18,daytime,6,0.9938402460851014,5.679699399637419e-5,1.210957563898757
2018-08-18,nighttime,6,-0.15864357924258596,0.7640309849017576,-0.12499999999995111
2018-08-19,daytime,6,0.9883663229678117,2.022263968085443e-4,0.7348317908035845
2018-08-19,nighttime,6,0.5603833653483508,0.24741341051946109,1.5471698113208256
2018-08-20,daytime,6,0.9954403028458486,3.1138857243620455e-5,0.7500000000000004
2018-08-20,nighttime,6,-0.3876712748464122,0.44762445520439,-0.3005780346820563
2018-08-21,daytime,6,0.9673546369448968,0.0015811841897651615,0.8831214277382502
2018-08-21,nighttime,6,-0.8166535844059499,0.04734218403721669,-0.8499999999999809
2018-08-22,daytime,6,0.780066572870897,0.06723690028116079,5.184440559440568
2018-08-22,nighttime,6,0.7470873676376331,0.08785844648893892,0.41860465116278417
2018-08-23,daytime,6,-0.6119529683063559,0.19665459041301536,-1.4301675977653647
2018-08-23,nighttime,6,-0.6047431568147544,0.2034668705954199,-0.4571428571427952
2018-08-24,daytime,6,0.9848526614436298,3.4242508120528234e-4,0.6312273865850399
2018-08-24,nighttime,6,0.8163244490218992,0.0475067578231301,1.2589928057553732
2018-08-25,daytime,6,-0.5915223059102486,0.21620296584209736,-0.3546917704221264
2018-08-25,nighttime,6,0.9054450683359753,0.012988262082431834,1.6276640200584696
2018-08-26,daytime,6,0.4751908667051883,0.34086425985267693,1.0945595854921712
2018-08-26,nighttime,6,0.8519250338953852,0.03126593304615881,0.3424437299035398
2018-08-27,daytime,6,0.8498887233897621,0.032108834675989684,0.4735812133072464
2018-08-27,nighttime,6,0.6881967368135716,0.1306749570128205,7.055837563451975
2018-08-28,daytime,6,0.7503960242173464,0.08567778557799995,4.4787111622556015
2018-08-28,nighttime,6,0.8622176265829355,0.02716814455898552,1.665809768637527
2018-08-29,daytime,6,0.5250725976256776,0.2847726847929931,1.7439999999999864
2018-08-29,nighttime,6,0.6475187941416792,0.16446783941009258,3.789883268482562
2018-08-30,daytime,6,-0.3427766909183521,0.5059723846382277,-0.6644182124789512
2018-08-30,nighttime,6,-0.7583267466117415,0.0805513627501,-3.207999999999877
2018-08-31,daytime,6,-0.78490385302238,0.06442367159415387,-0.7484536082474745
2018-08-31,nighttime,6,0.959694245363665,0.0024040913506337244,1.9506849315068204
2018-09-01,daytime,6,-0.41871789467932413,0.408628947449658,-0.4821428571428395
2018-09-01,nighttime,6,0.6634856834133197,0.15080907008676006,2.124999999999994
2018-09-02,daytime,6,0.7433515178929504,0.09035014704722205,1.4265734265734347
2018-09-02,nighttime,6,0.9886445318297997,1.926878612149702e-4,3.0927152317879347
2018-09-03,daytime,6,0.7993672664737076,0.05634215639959824,0.8662790697674727
2018-09-03,nighttime,6,0.9642358878839704,0.0018957351410540401,2.8178343949044473
2018-09-04,daytime,6,-0.9466075583679692,0.0042000249082785645,-4.081151832460928
2018-09-04,nighttime,6,0.8057431756233772,0.052938360759508085,0.8571428571428419
2018-09-05,daytime,6,-0.0317814442652922,0.9523438841880306,-0.09433962264154047
2018-09-05,nighttime,6,0.7520710469952415,0.08458320524109061,0.19230769230770306
2018-09-06,daytime,6,0.9489108361027329,0.0038484800200927717,3.9905660377360164
2018-09-06,nighttime,6,0.9709874693287288,0.0012503800896541146,0.8259385665529336
2018-09-07,daytime,6,0.9011006792406592,0.014187942601113323,4.3000000000002
2018-09-07,nighttime,6,0.9349732418765222,0.006205236758647085,0.3909626719056786
2018-09-08,daytime,6,0.8933050320337103,0.016468426332164172,0.33081098864945174
2018-09-08,nighttime,6,0.9759308094746735,8.620169456933629e-4,4.1999999999999025
2018-09-09,daytime,6,0.4542996878583529,0.3654315170823722,1.9999999999999125
2018-09-09,nighttime,6,-0.5436866730640166,0.26482557541819907,-3.5119047619045403
2018-09-10,daytime,6,-0.7428679275181496,0.09067496593970421,-0.8597285067873055
2018-09-10,nighttime,6,0.9578557859996276,0.0026267752585654213,3.720496894409443
2018-09-11,daytime,6,-0.7818654809266624,0.06618429137196577,-1.1541850220264518
2018-09-11,nighttime,6,-0.16079511212839356,0.7608860160932676,-0.9487179487178712
2018-09-12,daytime,6,-0.8971973971723185,0.015309334485774652,-0.669982445874798
2018-09-12,nighttime,6,-0.9677687506216582,0.0015415383826437724,-1.0446428571427802
2018-09-13,daytime,6,0.9279646940284818,0.0075967292857355775,1.1103896103896187
2018-09-13,nighttime,6,0.8601512308077846,0.027968958751485567,0.7076923076922945
2018-09-14,daytime,6,-0.9423194818938311,0.00489461049545974,-0.7225274725274408
2018-09-14,nighttime,6,0.3628037424857112,0.47967168975556607,0.15580286168521815
2018-09-15,daytime,6,-0.23643312187173549,0.6519586963751474,-0.16770186335403686
2018-09-15,nighttime,6,-0.5520945230387131,0.2559997291621873,-0.1542857142857058
2018-09-16,daytime,6,0.9195605906845019,0.0094455063150243,2.4358974358974144
2018-09-16,nighttime,6,-0.20922631238637465,0.6907400403098798,-0.04651162790698249
2018-09-17,daytime,6,0.2422718559261703,0.6437023684042298,0.13043478260867633
2018-09-17,nighttime,6,-0.23364384227389454,0.6559114804316556,-0.04884318766064948
2018-09-18,daytime,6,-0.6558524515521393,0.1572763089791128,-0.2557603686636008
2018-09-18,nighttime,6,0.9175505103479289,0.009916635066755504,2.2835820895520818
2018-09-19,daytime,6,0.1291903658486721,0.8072925545598495,0.03539462978030782
2018-09-19,nighttime,6,-0.7055998955571814,0.1172490944736072,-1.4635761589403569
2018-09-20,daytime,6,0.7877060845197587,0.06281915373534026,0.18911917098445458
2018-09-20,nighttime,6,0.21848984471654678,0.677480346517358,1.04477611940325
2018-09-21,daytime,6,0.7707452805427647,0.07281203618030711,0.3357664233576701
2018-09-21,nighttime,6,0.7625563950820159,0.07787572650688432,2.1772151898734258
2018-09-22,daytime,6,4.72964038979933e-15,0.9999999999999929,2.2380812633347322e-14
2018-09-22,nighttime,6,0.6938248699158773,0.12626389562174228,0.9611650485436989
2018-09-23,daytime,6,-0.3006326279779083,0.5626366430349211,-0.7703349282296752
2018-09-23,nighttime,6,0.531971349091914,0.27731519767526,0.9176755447942343
2018-09-24,daytime,6,0.9282495993435381,0.007537490155432668,0.5492845786963481
2018-09-24,nighttime,6,0.44191800681181115,0.3802744104634531,3.677419354838246
2018-09-25,daytime,6,0.23257685573462708,0.6574249893199917,0.4104627766599555
2018-09-25,nighttime,6,-0.7071067811865475,0.1161165235168155,-0.49999999999999345
2018-09-26,daytime,6,0.9127767904236238,0.01108004021588264,0.3686903509090249
2018-09-26,nighttime,6,0.4073941610514472,0.4227163633785365,1.0714285714287068
2018-09-27,daytime,6,0.9357838748152748,0.006053161738258716,0.4303385416666673
2018-09-27,nighttime,6,NA,NA,NA
2018-09-28,daytime,6,0.9364281793453609,0.005933605744761993,0.7548387096774392
2018-09-28,nighttime,6,0.756490071132974,0.08172591365442947,1.6831683168317235
2018-09-29,daytime,6,0.9232007327612034,0.008620705239564451,0.40563991323210646
2018-09-29,nighttime,6,-0.6286185570937118,0.18127502443036694,-1.7500000000000044
2018-09-30,daytime,6,0.8756968975258393,0.022216572069638875,0.6695464362851058
2018-09-30,nighttime,6,NA,NA,NA
2018-10-01,daytime,6,-0.5546534498569468,0.25333674351280266,-0.8314606741573944
2018-10-01,nighttime,6,NA,NA,NA
2018-10-02,daytime,6,-0.8980079768900773,0.015073079644693805,-3.997572815534215
2018-10-02,nighttime,6,-0.2867985488826053,0.5815972556521604,-0.24911032028467744
2018-10-03,daytime,6,-0.40362667572404365,0.4274383041042176,-1.6822429906543785
2018-10-03,nighttime,6,0.9100846309280348,0.01176368769217708,1.6041439476553416
2018-10-04,daytime,6,-0.060393844167878075,0.9095193744974253,-0.10000000000006216
2018-10-04,nighttime,6,0.14446302370291578,0.7848129046929609,0.1500000000000314
2018-10-05,daytime,6,0.8580294846972915,0.028802688431971014,0.825932504440523
2018-10-05,nighttime,6,0.8746612247404811,0.02258018879162206,1.2320000000000955
2018-10-06,daytime,6,0.9260867552914973,0.007992851387859995,1.407335907335919
2018-10-06,nighttime,6,0.8018408533768496,0.05501000878497506,1.1912302070645062
2018-10-07,daytime,6,0.8455455642256833,0.033941913246142395,1.094086021505377
2018-10-07,nighttime,6,0.6189571624718588,0.19012796699083961,0.8970588235294441
2018-10-08,daytime,6,0.07209372509105196,0.8920467661188561,0.07692307692306492
2018-10-08,nighttime,6,-0.02113986958573369,0.9682949192627489,-0.0437956204378865
2018-10-09,daytime,6,-0.8713955149876955,0.02374516825660865,-2.8750000000001172
2018-10-09,nighttime,6,-0.8851139882169539,0.019040015055769105,-0.4498886414253564
2018-10-10,daytime,6,0.47687600819696796,0.33890934760724045,2.444444444444889
2018-10-10,nighttime,6,0.7459221151379831,0.08863228582289563,3.3913043478258014
2018-10-11,daytime,6,0.5885397176915643,0.21911932269394466,1.9421965317919268
2018-10-11,nighttime,6,0.8867924528301743,0.018498492043772286,0.8867924528300981
2018-10-12,daytime,6,-0.6153008086811848,0.19352371801020213,-3.0660377358493363
2018-10-12,nighttime,6,-0.9623237881143378,0.0021025047793000406,-0.32926829268291363
2018-10-13,daytime,6,0.5093382900551816,0.30206023360032763,0.0610412926391351
2018-10-13,nighttime,6,0.12580674914127374,0.8122854692669051,0.007194244604324255
2018-10-14,daytime,6,0.870002754892259,0.024250495438441984,0.3408577878103845
2018-10-14,nighttime,6,-0.15702717677706268,0.7663951863289177,-0.01369863013697566
2018-10-15,daytime,6,0.28868986254230267,0.5789951778820269,0.16500000000000675
2018-10-15,nighttime,6,0.12009611535382173,0.8207219047242229,0.03846153846154452
2018-10-16,daytime,6,0.6315861769395341,0.17859094460665986,0.1964285714285695
2018-10-16,nighttime,6,0.4756514941545209,0.3403294888762022,1.1764705882354851
2018-10-17,daytime,6,0.5072989922341298,0.3043287846302848,0.4491525423728919
2018-10-17,nighttime,6,0.9249493661730223,0.008237531445340866,1.2337662337661823
2018-10-18,daytime,6,NA,NA,NA
2018-10-18,nighttime,6,0.4586824722938589,0.3602273048784349,0.1285714285714409
2018-10-19,daytime,6,-0.2220081971102336,0.672458834336596,-0.08163265306124483
2018-10-19,nighttime,6,-0.06636636483959228,0.9005966078811571,-0.013999999999992256
2018-10-20,daytime,6,0.29072622711140306,0.5761970024960377,0.21599999999994293
2018-10-20,nighttime,6,0.7325814306260179,0.09770712607649289,0.6810344827586067
2018-10-21,daytime,6,0.5423261445466445,0.26626462796630523,0.4999999999999043
2018-10-21,nighttime,6,0.898818054907102,0.014838739468064258,0.7686567164179009
2018-10-22,daytime,6,-0.15003000900300584,0.7766434995019778,-0.44117647058834353
2018-10-22,nighttime,6,0.7807200583588251,0.06685364453302241,0.06349206349207309
2018-10-23,daytime,6,0.7955922529581569,0.05840345446600666,0.1428571428571382
2018-10-23,nighttime,6,-0.711966678801847,0.11249670901079899,-3.499999999999925
2018-10-24,daytime,6,0.9417762173208187,0.004986323734360465,0.6419437340153552
2018-10-24,nighttime,6,-0.2162362243893383,0.6807010614300826,-0.07481296758102465
2018-10-25,daytime,6,0.7460038465922404,0.08857790916338734,0.6400000000000746
2018-10-25,nighttime,6,0.6691668848663049,0.1460708918873744,0.3687635574837432
2018-10-26,daytime,6,0.06984302957695382,0.895405804487196,0.1333333333332864
2018-10-26,nighttime,6,-0.9801960588196064,5.844106153028358e-4,-1.1666666666666397
2018-10-27,daytime,6,0.2901905000440038,0.576932797304268,1.6000000000014678
2018-10-27,nighttime,6,-0.6325179136023075,0.17775166863633726,-0.35135135135132617
2018-10-28,daytime,6,-0.33212248269493216,0.5201337182283712,-0.06488549618320857
2018-10-28,nighttime,6,-0.8268741925060753,0.0423643072836682,-0.3255813953488393
2018-10-29,daytime,6,0.940255980782945,0.005247398155571855,0.3864836325237622
2018-10-29,nighttime,6,0.46291004988627893,0.3552324305155407,0.14285714285713827
2018-10-30,daytime,6,NA,NA,-2.1518502859570144e-14
2018-10-30,nighttime,6,0.8232391950564768,0.04410518217576259,0.7326732673267751
2018-10-31,daytime,6,-0.9406973454251553,0.005170929328129366,-0.28058169375536884
2018-10-31,nighttime,6,NA,NA,-7.166629412573254e-14
2018-11-01,daytime,6,-0.4020422005641813,0.429429333897602,-0.0862068965517489
2018-11-01,nighttime,6,0.267456251965303,0.6083815755894906,0.7000000000000526
2018-11-02,daytime,6,0.6537121853003809,0.15911028087280682,1.8309859154930543
2018-11-02,nighttime,6,-0.5000000000000295,0.31249999999996675,-0.166666666666631
2018-11-03,daytime,6,0.9795339877823526,6.24000311185816e-4,0.2741390952059434
2018-11-03,nighttime,6,0.014026197349235167,0.9789620836925892,0.010869565217406943
2018-11-05,daytime,6,-0.3162277660167975,0.5414697392756397,-0.9999999999995309
2018-11-05,nighttime,6,0.28759057084627054,0.5805072125758113,1.6753246753244926
2018-11-06,daytime,6,-0.9806150928192476,5.600197614826924e-4,-3.1920529801324715
2018-11-06,nighttime,6,0.6892400012520532,0.1298523426106172,0.6170212765957265
2018-11-07,daytime,6,-0.9127665951067973,0.01108259181572083,-1.0800000000000187
2018-11-07,nighttime,6,0.40000000000000097,0.43199999999999883,2.3999999999997677
2018-11-08,daytime,6,-0.7453523071707082,0.08901179940141819,-0.7861557478368383
2018-11-08,nighttime,6,0.9678582884484948,0.0015330317978803326,1.8381502890174173
2018-11-09,daytime,6,0.7486559345706504,0.08682157404983877,2.3169014084507022
2018-11-09,nighttime,6,NA,NA,NA
2018-11-10,daytime,6,0.5461470068637297,0.26223091305269886,0.48897795591182774
2018-11-10,nighttime,6,NA,NA,NA
2018-11-11,daytime,6,-0.9803210361397559,5.770819742206223e-4,-0.6115641215715377
2018-11-11,nighttime,6,-0.776751323387608,0.06919660356170175,-2.8499999999999996
2018-11-12,daytime,6,0.8809188949883595,0.020426160889641425,4.9000000000000075
2018-11-12,nighttime,6,-0.7536181283652961,0.08357785415194373,-0.44078947368418575
2018-11-13,daytime,6,-0.436230869332951,0.38716048987042556,-0.22455089820358032
2018-11-13,nighttime,6,-0.9111710115131415,0.011485427264992477,-0.45610687022900226
2018-11-14,daytime,6,-0.7129895909602888,0.1117412247257811,-5.96923076923058
2018-11-14,nighttime,6,-0.95299770891888,0.0032619039584441396,-0.6928571428571273
2018-11-15,daytime,6,-0.11830126437924504,0.8233759277171888,-0.05947955390335664
2018-11-15,nighttime,6,NA,NA,NA
2018-11-16,daytime,6,-0.5345224838248501,0.27457662909484665,-0.21428571428572776
2018-11-16,nighttime,6,-0.7062367097592077,0.11676987970349982,-0.0767338908017697
2018-11-17,daytime,6,-0.8134676157108381,0.0489463608793342,-0.314352120859973
2018-11-17,nighttime,6,0.5236157087068983,0.28635718923845555,0.22254335260116714
2018-11-18,daytime,6,-0.46692183625784706,0.35051546141420126,-0.4160305343511645
2018-11-18,nighttime,6,0.4139210254028737,0.4145771338735386,0.30281690140846074
2018-11-19,daytime,6,0.5135037793306529,0.29744624351613747,0.4963503649634657
2018-11-19,nighttime,6,-0.08600131635675708,0.8713160680687497,-0.2641509433962286
2018-11-20,daytime,6,-0.3263705683085054,0.5278262764889232,-0.3430232558139661
2018-11-20,nighttime,6,0.9645619455667124,0.0018615310116607718,0.7088607594936845
2018-11-21,daytime,6,0.282698121025688,0.5872491848550258,0.7884615384615323
2018-11-21,nighttime,6,0.7520710469952365,0.08458320524109385,0.22624434389141465
2018-11-22,daytime,6,0.7246491062325877,0.10328887922477126,1.9368421052632112
2018-11-22,nighttime,6,0.38924947208074157,0.4456143882486377,0.10101010101010655
2018-11-23,daytime,6,NA,NA,NA
2018-11-23,nighttime,6,-0.6859943405700308,0.13241892222025287,-0.24999999999997874
2018-11-24,daytime,6,-0.6351073488299558,0.17542785383001527,-1.1428571428571117
2018-11-24,nighttime,6,0.3116259848185547,0.5476921400125567,0.24719101123592888
2018-11-25,daytime,6,0.8058229640253852,0.052896386437699776,0.2597402597402705
2018-11-25,nighttime,6,-0.699999999999991,0.12150000000000688,-0.9333333333332339
2018-11-26,daytime,6,0.9267780101164981,0.00784590132603977,0.5465838509317231
2018-11-26,nighttime,6,-0.9789172636778204,6.620372102586089e-4,-2.692307692307695
2018-11-27,daytime,6,-0.9668158214443257,0.0016335135217016438,-3.765765765765834
2018-11-27,nighttime,6,-0.4629100498862757,0.35523243051554465,-0.2857142857141484
2018-11-28,daytime,6,0.3574170127925724,0.4867039422657745,0.22772277227718957
2018-11-28,nighttime,6,-0.44229410473132696,0.3798205304787299,-1.2826086956521874
2018-11-29,daytime,6,0.8207146797072685,0.045333434817878986,1.720647773279359
2018-11-29,nighttime,6,-0.10122903980644161,0.8486751033965172,-0.17480719794343372
2018-11-30,daytime,6,0.25264557631995394,0.6290947922111314,0.0638297872340232
2018-11-30,nighttime,6,NA,NA,-0
2019-04-02,daytime,6,0.041154005778118896,0.9383038416188609,0.17241379310315438
2019-04-02,nighttime,6,NA,NA,NA
2019-04-03,daytime,6,0.6887559021975534,0.13023377524687704,0.4817110973341576
2019-04-03,nighttime,6,0.9384386332068223,0.0055680501303177095,6.467741935483835
2019-04-04,daytime,6,0.5453418831492097,0.26307890511249815,0.0743494423791733
2019-04-04,nighttime,6,NA,NA,NA
2019-04-05,daytime,6,0.9656387981814706,0.0017507532843003798,0.2815165876777184
2019-04-05,nighttime,6,-0.9284766908852592,0.0074904338812745545,-1.293103448275885
2019-04-06,daytime,6,0.8139071904102013,0.048723554007084904,0.2824689241320223
2019-04-06,nighttime,6,NA,NA,NA
2019-04-07,daytime,6,0.17643243655649743,0.7380973753062112,0.0622568093384962
2019-04-07,nighttime,6,-0.8950720224691222,0.015937198457860822,-2.3478260869566254
2019-04-08,daytime,6,-0.5827335542764294,0.22484153120375122,-0.6360759493671135
2019-04-08,nighttime,6,-0.701073052590887,0.12068032439970615,-2.698113207547552
2019-04-09,daytime,6,-0.28097574347450766,0.589627532556969,-0.04687500000000578
2019-04-09,nighttime,6,-0.3086134848003433,0.5517762992280647,-0.4578313253012215
2019-04-10,daytime,6,0.675344419750283,0.14099231737586432,0.1725746268656687
2019-04-10,nighttime,6,0.49135381491198454,0.32228270243211005,0.9285714285714081
2019-04-11,daytime,6,-0.9796428398762037,6.174028067036527e-4,-0.43986254295534194
2019-04-11,nighttime,6,0.6854959824578672,0.13281493269095365,0.1437768240343497
2019-04-12,daytime,6,0.9385563546681852,0.005546997568275838,0.3162162162162214
2019-04-12,nighttime,6,0.818136086001693,0.0466041973367195,1.5217391304347236
2019-04-13,daytime,6,0.3032434484996552,0.5590774438396184,0.1350866706515158
2019-04-13,nighttime,6,0.8662214924100268,0.0256479374606691,0.7343749999999951
2019-04-14,daytime,6,-0.7302967433402217,0.09930068321372666,-0.6666666666667751
2019-04-14,nighttime,6,0.5248488202088457,0.2850158467886702,0.23529411764708213
2019-04-15,daytime,6,0.10263863026445122,0.8465826875983005,0.3915662650600987
2019-04-15,nighttime,6,0.5996008149585029,0.20838336102185975,1.148148148148171
2019-04-16,daytime,6,0.052876264501417386,0.9207595216045861,0.02702702702703775
2019-04-16,nighttime,6,-0.8803868202973991,0.020605297551824154,-0.7893462469733644
2019-04-17,daytime,6,0.5603646451062965,0.2474326731142845,0.08207041268360443
2019-04-17,nighttime,6,-0.8213669968688351,0.04501455749283506,-0.6972715461238514
2019-04-18,daytime,6,0.6352703316089945,0.17528201639885896,0.093457943925231185
2019-04-18,nighttime,6,0.9400552425577982,0.005282358952446409,0.41406250000000033
2019-04-19,daytime,6,0.8721194578884465,0.023484506634160105,0.3891402714932274
2019-04-19,nighttime,6,-0.5813183589761797,0.22624521874205036,-1.399999999998781
2019-04-20,daytime,6,-0.8769841068089648,0.021768570747645998,-0.831460674157295
2019-04-20,nighttime,6,0.6209277983779421,0.1883080719302791,0.04942965779467108
2019-04-21,daytime,6,-0.49753076940810764,0.3152824497130932,-0.2116040955631547
2019-04-21,nighttime,6,0.7768985960673581,0.06910900364072042,0.3869047619047582
2019-04-22,daytime,6,0.10412076717778726,0.8443832428361071,0.024010821778827376
2019-04-22,nighttime,6,0.9104356419656224,0.011673428815556995,0.24102564102564591
2019-04-23,daytime,6,-0.31555422368446723,0.542379236460994,-0.09574468085106563
2019-04-23,nighttime,6,0.014242182297392932,0.978638170994306,0.005882352941181191
2019-04-24,daytime,6,0.6955966720876857,0.1248888619257432,0.26076086348117195
2019-04-24,nighttime,6,0.8939692710065642,0.01626774717971017,0.326034063260342
2019-04-25,daytime,6,-0.5405215637371484,0.2681780067871187,-0.131261889663921
2019-04-25,nighttime,6,0.8841384551345258,0.01935818961213435,0.2942873629544081
2019-04-26,daytime,6,0.5092241159749077,0.3021870751786648,0.3215434083601347
2019-04-26,nighttime,6,0.7984442195668734,0.05684302409434918,0.45205479452055597
2019-04-27,daytime,6,-0.6904766797597297,0.12888013644139182,-1.0256410256410529
2019-04-27,nighttime,6,0.9558394447101576,0.002882172009281672,0.7632850241545757
2019-04-28,daytime,6,0.8036523402745073,0.054043768119502955,0.8976744186046753
2019-04-28,nighttime,6,-0.37199244398021936,0.4677491896131669,-0.2882882882883058
2019-04-29,daytime,6,0.34496736875035877,0.503074934023745,1.1077302631578827
2019-04-29,nighttime,6,-0.7357233853694395,0.09553437285016576,-0.6103896103897549
2019-04-30,daytime,6,-0.8826151316282186,0.019860075765071677,-0.5894736842105311
2019-04-30,nighttime,6,0.4200210015751356,0.40701805493195375,0.13861386138614104
2019-05-01,daytime,6,0.23796088580469105,0.6497959844623964,0.11463187325256434
2019-05-01,nighttime,6,0.7208503955329829,0.10601045560083198,0.21147540983606444
2019-05-02,daytime,6,0.8693454621162053,0.024490736187010122,1.4064417177914164
2019-05-02,nighttime,6,0.8679967402628886,0.02498722167324183,0.23847695390782173
2019-05-03,daytime,6,0.5475831355854233,0.2607209563527345,0.9981758482305741
2019-05-03,nighttime,6,-0.07378784519149859,0.8895191065644532,-0.010526315789470693
2019-05-04,daytime,6,-0.3075502259899538,0.5532198093880989,-3.0624999999999436
2019-05-04,nighttime,6,0.9670742627312656,0.001608308797420699,0.3277310924369824
2019-05-05,daytime,6,-0.5551721729228041,0.25279825314339216,-0.548928238583404
2019-05-05,nighttime,6,0.94506007536907,0.004444677772027343,0.782954545454539
2019-05-06,daytime,6,0.41937664052651813,0.40781434297595887,0.13504823151124798
2019-05-06,nighttime,6,0.7750358760096732,0.07022069702421814,2.8793103448276134
2019-05-07,daytime,6,0.08587146811322172,0.8715094020274914,0.03433476394849065
2019-05-07,nighttime,6,0.9423885557028701,0.00488300931753837,0.7244995233555682
2019-05-08,daytime,6,0.8960105168540744,0.015658457515621938,0.6859903381642513
2019-05-08,nighttime,6,-0.7114780602127581,0.11285837319029285,-0.6731843575418747
2019-05-09,daytime,6,0.7319522532047349,0.09814483087777656,0.2478632478632407
2019-05-09,nighttime,6,-0.9261380344352158,0.00798190463686684,-0.1322067594433297
2019-05-15,daytime,6,0.05470843737540042,0.9180192154723206,0.05685358255450987
2019-05-15,nighttime,6,-0.41845654774772556,0.40895227988827787,-0.17941176470588457
2019-05-16,daytime,6,0.8852357660567522,0.01900047401605239,0.278523489932886
2019-05-16,nighttime,6,0.6614455710608679,0.15252624982919152,0.2512155591572155
2019-05-17,daytime,6,-0.9733567512162873,0.0010553375342904148,-0.725955610357589
2019-05-17,nighttime,6,-0.6276882189362195,0.18211989695533065,-0.585474860335193
2019-05-18,daytime,6,0.8449727337718944,0.03418725963168291,0.3023529411764691
2019-05-18,nighttime,6,-0.3070286395668987,0.5539283114031882,-0.7096774193547014
2019-05-19,daytime,6,-0.2005332493655852,0.7032322062958392,-0.17663043478261603
2019-05-19,nighttime,6,0.7248108361104395,0.10317370334076854,3.903225806451859
2019-06-11,daytime,6,0.06681531047810225,0.8999261756008781,0.01190476190475867
2019-06-11,nighttime,6,-0.8485281374238534,0.03267792333680455,-0.15999999999998937
2019-06-12,daytime,6,-0.9749648975554839,9.322890768409535e-4,-4.441176470588109
2019-06-12,nighttime,6,-0.31243020013700823,0.5466032665512721,-0.0700808625336904
2019-06-13,daytime,6,0.33274218884466306,0.519306885792694,0.08629441624364671
2019-06-13,nighttime,6,-0.9943516843897575,4.7765103417719044e-5,-0.4107725788900971
2019-06-14,daytime,6,-0.5539710819724614,0.2540457966282112,-0.6401098901098934
2019-06-14,nighttime,6,0.6734808368377342,0.14251626412160462,0.3239831697054759
2019-06-15,daytime,6,-0.48074121333820546,0.33444073909197913,-0.2004175365344552
2019-06-15,nighttime,6,0.9594052267292459,0.0024384546389893923,0.7458515283842618
2019-06-16,daytime,6,0.9218048951409856,0.008932650651500592,0.16796874999999892
2019-06-16,nighttime,6,0.92938084295339,0.00730450683766738,0.8218750000000007
2019-06-17,daytime,6,0.8794722133599713,0.020914970623009288,0.8113363673976145
2019-06-17,nighttime,6,0.3962802859438729,0.436695115740827,0.34230769230769914
2019-06-22,daytime,6,0.9564148538599859,0.002808098858532064,0.43273305084746094
2019-06-22,nighttime,6,0.8553950649193386,0.029853993818654036,0.5347043701799066
2019-06-23,daytime,6,0.9227591441581507,0.00871880945802383,0.4950911640953698
2019-06-23,nighttime,6,0.9242169468818503,0.00839699297723395,0.4033613445378249
2019-07-03,daytime,6,0.9898167425063402,1.5502010432238695e-4,0.9895287958115281
2019-07-03,nighttime,6,0.4555474656813991,0.36394720224197546,1.4832826747720593
2019-07-04,daytime,6,-0.03807712186740831,0.9429119205841052,-0.06990881458968219
2019-07-04,nighttime,6,0.959069038473551,0.0024787287047669483,2.831168831168878
2019-07-05,daytime,6,0.8697917467087651,0.024327496155243343,1.090608191973523
2019-07-05,nighttime,6,-0.3225402289873568,0.5329669412135593,-0.45675675675673477
2019-07-06,daytime,6,0.6162089546724033,0.19267798999595273,0.6274434649290892
2019-07-06,nighttime,6,0.6755335924759461,0.14083801424976464,1.5445544554455264
2019-07-07,daytime,6,0.8288497269823399,0.04143192143709071,2.1666666666666603
2019-07-07,nighttime,6,-0.45650494310563733,0.36280966157813405,-3.6428571428574776
2019-07-08,daytime,6,-0.40510196850450864,0.4255872041362226,-0.9173728813560493
2019-07-08,nighttime,6,0.47115081442232704,0.3455675351709552,3.80000000000101
2019-07-09,daytime,6,0.8608640527935191,0.027691464398923518,3.310559006211053
2019-07-09,nighttime,6,NA,NA,NA
2019-07-10,daytime,6,0.2876688185347469,0.5803995512887989,3.5283018867920952
2019-07-10,nighttime,6,-0.3782291888030211,0.4597104437039808,-4.829268292679875
2019-07-11,daytime,6,0.36302171999142463,0.4793877868020656,0.2782122905027852
2019-07-11,nighttime,6,-0.5617690055391223,0.24598926334456708,-3.599999999999594
2019-07-12,daytime,6,-0.4115200304874822,0.417565152665205,-0.5538461538461505
2019-07-12,nighttime,6,0.7759402897989854,0.06967992337642481,20.39999999999318
2019-07-13,daytime,6,0.5790104326291542,0.2285418668183419,0.6004184100418247
2019-07-13,nighttime,6,-0.4921701262517558,0.3213543481462265,-2.9009900990098703
2019-07-14,daytime,6,0.9562245357332977,0.002832493637602122,0.9585106382978703
2019-07-14,nighttime,6,0.8603834844182835,0.027878400722201904,1.809523809523716
2019-07-15,daytime,6,0.98736068808422806,2.3861872957769796e-4,1.198463774133293
2019-07-15,nighttime,6,0.5076847976177093,0.30389912168303973,0.44519392917370393
2019-07-16,daytime,6,-0.38404475936370747,0.4522543141635444,-1.507908611599488
2019-07-16,nighttime,6,0.810900239575008,0.05025709645404353,25.333333333331144
2019-07-17,daytime,6,-0.24619693127364597,0.6381659616433146,-0.45958521669769065
2019-07-17,nighttime,6,0.7886829073435896,0.0622641972105976,9.642857142857611
2019-07-18,daytime,6,0.026086153845582542,0.9608796448814223,0.0068481779696189645
2019-07-18,nighttime,6,0.9278255017015614,0.007625753116958739,7.7826086956521285
2019-07-19,daytime,6,-0.9102835678807341,0.011712491794017848,-0.9958918178705845
2019-07-19,nighttime,6,NA,NA,NA
2019-07-20,daytime,6,-0.20310298863155293,0.6995345998707208,-0.22578576010263968
2019-07-20,nighttime,6,0.609529807819868,0.19893355274170987,5.700000000002097
2019-07-21,daytime,6,-0.7200168060185865,0.10661185963721309,-1.575242718446571
2019-07-21,nighttime,6,0.9142011020024899,0.010726374159042817,18.129032258068015
2019-07-22,daytime,6,0.778722771892889,0.06802815138295447,0.30432341381246764
2019-07-22,nighttime,6,0.9529980314914925,0.0032618595425859573,1.7283236994219695
2019-07-23,daytime,6,-0.5815206093434122,0.2260443988774983,-1.8203773584906235
2019-07-23,nighttime,6,0.7753298418327281,0.07004471811994918,9.199999999984177
2019-07-24,daytime,6,-0.08686680024024325,0.8700275411703351,-0.03131524008351127
2019-07-24,nighttime,6,0.8456500144398912,0.03389726636069343,3.0754716981132115
2019-07-25,daytime,6,-0.05792229850217752,0.9132137166900056,-0.07798165137615999
2019-07-25,nighttime,6,0.8076121812467028,0.05195917703585536,3.537735849056447
2019-07-26,daytime,6,0.8955556004718722,0.01579327609877324,2.565217391304518
2019-07-26,nighttime,6,0.963613298649227,0.0019619002013978827,7.022727272726449
2019-07-27,daytime,6,0.7133085029893655,0.1115061458536275,1.4460887949261427
2019-07-27,nighttime,6,0.7498008826190355,0.08606821538100842,4.692307692308005
2019-07-28,daytime,6,-0.29079948071590206,0.5760964117126552,-0.622448979591769
2019-07-28,nighttime,6,0.9301546717135686,0.007147189152153332,3.4607508532423186
2019-07-29,daytime,6,-0.7970352101742523,0.05761152145013706,-9.73529411764857
2019-07-29,nighttime,6,0.7584453824006151,0.08047575902524597,3.6250000000002505
2019-07-30,daytime,6,-0.6449730575723444,0.16669166375857822,-4.734513274336153
2019-07-30,nighttime,6,0.8438554106142708,0.03466820820718372,4.22399999999994
2019-07-31,daytime,6,-0.6888012678374887,0.1301980100610004,-5.369999999999999
2019-07-31,nighttime,6,0.8865235883291452,0.01858473203244753,2.931034482758539
2019-08-01,daytime,6,-0.45295725917327906,0.3670307947778723,-1.8799999999999262
2019-08-01,nighttime,6,0.1386750490562999,0.7933208403487836,1.0769230769239004
2019-08-02,daytime,6,-0.5514425543603677,0.2566799457959592,-0.5437824870052074
2019-08-02,nighttime,6,NA,NA,NA
2019-08-03,daytime,6,0.04774334331210888,0.9284393987607011,0.027497389488346704
2019-08-03,nighttime,6,0.8879172986188492,0.0181397766648347,6.145454545454553
2019-08-04,daytime,6,0.5245956871502347,0.2852910023795204,5.4482758620676455
2019-08-04,nighttime,6,0.7591131162821175,0.08005082585636657,15.333333333334757
2019-08-05,daytime,6,0.8850758574977211,0.019052404125528364,0.7966867469879627
2019-08-05,nighttime,6,NA,NA,NA
2019-08-06,daytime,6,0.43694325691287966,0.3862955889852474,17.400000000015325
2019-08-06,nighttime,6,0.818782634465766,0.0462840353554456,3.234042553191469
2019-08-07,daytime,6,0.7353917519746561,0.09576268008408433,1.9040404040402263
2019-08-07,nighttime,6,0.850781497645059,0.031737980535565355,2.4651162790697487
2019-08-08,daytime,6,0.03257694149536517,0.9511518740124614,0.1232279171209367
2019-08-08,nighttime,6,0.977589800571701,7.476981656306042e-4,11.599999999996136
2019-08-09,daytime,6,-0.8175764296112964,0.04688216001427186,-1.1697546319479224
2019-08-09,nighttime,6,0.900722224821411,0.014294870285992335,2.0171428571427934
2019-08-10,daytime,6,-0.7448338287736849,0.08935775641723956,-0.9701492537314047
2019-08-10,nighttime,6,0.9908837056790377,1.242814200942306e-4,3.4124999999999446
2019-08-11,daytime,6,-0.8854193178993526,0.018940949491422783,-2.3097055616140048
2019-08-11,nighttime,6,0.8882261052897042,0.018041887122208004,4.2181303116146305
2019-08-12,daytime,6,-0.9402628087322762,0.0052462109909064344,-2.132566585956366
2019-08-12,nighttime,6,0.8848743293214383,0.019117946856391538,2.6538936959208885
2019-08-13,daytime,6,-0.4838289105401287,0.33088648933971954,-0.4571648098348107
2019-08-13,nighttime,6,0.8707857990922441,0.023965764415299344,5.930693069307101
2019-08-14,daytime,6,-0.9384178889267888,0.005571763949692627,-2.358726019742981
2019-08-14,nighttime,6,0.8849250390882455,0.019101444436663832,3.0344827586205096
2019-08-15,daytime,6,-0.8755426162352465,0.02227056050217515,-2.3691176470587965
2019-08-15,nighttime,6,0.9065968278232492,0.01267879709659849,3.0000000000000178
2019-08-16,daytime,6,-0.8356170616693301,0.03831166825537306,-1.887747035573158
2019-08-16,nighttime,6,0.8833272563831869,0.019624688095602177,3.7919075144508403
2019-08-17,daytime,6,-0.9556301470218498,0.0029093506733882547,-1.1552346570397471
2019-08-17,nighttime,6,0.33074554180343313,0.5219722468927669,5.588235294121867
2019-08-18,daytime,6,-0.7268396635432849,0.10173371051664824,-2.418604651162549
2019-08-18,nighttime,6,0.6073200282104139,0.20102119356355502,6.805194805195422
2019-08-19,daytime,6,-0.155112000248645,0.7691979762531885,-0.132321767265432
2019-08-19,nighttime,6,0.43858983759600373,0.3842990434900629,5.048780487805353
2019-08-20,daytime,6,-0.7877521136263479,0.0627929528493879,-10.49321266968314
2019-08-20,nighttime,6,NA,NA,NA
2019-08-21,daytime,6,-0.3564643561265816,0.48795086496188994,-0.801611903285803
2019-08-21,nighttime,6,-0.8155347631738455,0.047902697019761256,-3.9958620689654545
2019-08-22,daytime,6,0.7281210244194987,0.1008288668749795,0.4241281809613579
2019-08-22,nighttime,6,-0.6712878716502607,0.144318548874807,-4.29518072289153
2019-08-23,daytime,6,0.910033762437573,0.011776795911457548,5.8737864077670805
2019-08-23,nighttime,6,-0.31843366656181304,0.5384940870519641,-7.799999999997314
2019-08-27,daytime,6,-0.3462990616603874,0.5013160256396532,-0.5716298731798758
2019-08-27,nighttime,6,0.6634552681742458,0.1508346100790706,1.379746835443033
2019-08-28,daytime,6,0.335485468944042,0.5156513251987603,1.9750479846446198
2019-08-28,nighttime,6,0.7312724241271306,0.09861874993955293,0.5454545454545529
2019-08-29,daytime,6,0.809467289826728,0.05099564326015245,2.7155711072232154
2019-08-29,nighttime,6,0.966509914145435,0.0016635977726051788,1.2363636363635913
2019-08-30,daytime,6,-0.10537692900196789,0.8425196748640813,-0.06320907617504702
2019-08-30,nighttime,6,0.9892759866890236,1.7189003755305578e-4,1.688989784335978
2019-08-31,daytime,6,0.18668151141205852,0.7232306569771237,0.08543867707853335
2019-08-31,nighttime,6,0.9760788775387476,8.514860761682247e-4,2.100518134714913
2019-09-01,daytime,6,-0.5111368580739679,0.3000647475226754,-0.39544447959508966
2019-09-01,nighttime,6,0.9522108691663828,0.003371131105738148,2.115646258503368
2019-09-02,daytime,6,-0.23560707897447766,0.6531287379667704,-0.1323716588884246
2019-09-02,nighttime,6,0.9493739485625822,0.0037796184151082,2.1417910447761126
2019-09-03,daytime,6,0.9502791926380252,0.0036467791642241522,4.093023255813954
2019-09-03,nighttime,6,0.9717818982132802,0.001183157411907607,3.4649681528661613
2019-09-04,daytime,6,0.47311783363073523,0.34327471210651184,1.400651465798041
2019-09-04,nighttime,6,0.22994628528779215,0.6611598108012388,2.6499999999998867
2019-09-05,daytime,6,0.9875465165684569,2.3166817366955034e-4,16.22596153846176
2019-09-05,nighttime,6,0.9584250372893921,0.0025567855922713698,4.7272727272725685
2019-09-06,daytime,6,0.8141539740037338,0.04859867378215196,6.892794376098518
2019-09-06,nighttime,6,0.9083919692954645,0.012203658204320816,8.658536585364377
2019-09-07,daytime,6,0.052711923538181694,0.921005345968152,0.16349809885931477
2019-09-07,nighttime,6,0.6977230630407097,0.12324729453554563,0.24648985959438396
2019-09-08,daytime,6,0.9481735241397696,0.003959372868031013,5.607806691449977
2019-09-08,nighttime,6,0.988442701647088,1.9958485703901999e-4,2.521428571428542
2019-09-09,daytime,6,0.91276797072624,0.011082247520416885,6.104958145524827
2019-09-09,nighttime,6,0.9965727241148653,1.7599201220977508e-5,2.499999999999924
2019-09-10,daytime,6,-0.5836510795747717,0.2239333371588081,-1.4034267912772538
2019-09-10,nighttime,6,0.8666473307857573,0.025488700696389876,3.3489932885906004
2019-09-11,daytime,6,-0.40655072956762156,0.4237719685321608,-2.357541899441362
2019-09-11,nighttime,6,0.964845714487752,0.0018320134336388956,3.4660633484162084
2019-09-12,daytime,6,0.9732089367210476,0.0010670268162808233,3.030354670358963
2019-09-12,nighttime,6,0.9944979371165901,4.5325762821048966e-5,3.0709677419353296
2019-09-13,daytime,6,-0.05477219028280563,0.917923872664813,-0.23121019108282126
2019-09-13,nighttime,6,0.9989055283243201,1.7961468568636043e-6,2.8717105263157143
2019-09-14,daytime,6,0.8154108180634393,0.04796498020492602,8.51136363636376
2019-09-14,nighttime,6,0.8079621855688649,0.051776747858599335,5.428571428571874
2019-09-15,daytime,6,0.9522836277601128,0.003360956706531492,7.490486257928372
2019-09-15,nighttime,6,0.5511703444171029,0.2569641579626148,12.599999999995932
2019-09-16,daytime,6,0.9827959999421374,4.4142042750788357e-4,5.611362700699936
2019-09-16,nighttime,6,0.9375421883390399,0.005729644074189058,3.154929577464776
2019-09-17,daytime,6,-0.009140739413337963,0.986289272748628,-0.05060728744949107
2019-09-17,nighttime,6,0.9879018725742034,2.1866166149796164e-4,2.894157493649395
2019-09-18,daytime,6,0.8028308385327255,0.05448097491115629,11.973118279571382
2019-09-18,nighttime,6,0.9438232015260823,0.004645106741737442,3.311688311688327
2019-09-19,daytime,6,-0.37887621058178417,0.45887899048423403,-1.302056555269928
2019-09-19,nighttime,6,0.9539275542440435,0.0031351070817450693,2.349614395886843
2019-09-20,daytime,6,-0.9237481791122537,0.008499833269720938,-3.4605394605394593
2019-09-20,nighttime,6,0.8938130030141638,0.016314852282944495,2.192307692307708
2019-09-21,daytime,6,-0.6881232559139764,0.13073298147915444,-3.8541392904074057
2019-09-21,nighttime,6,0.9214344479425101,0.00901634421427674,1.8362989323842942
2019-09-22,daytime,6,-0.4301142769849634,0.3946137876682835,-0.27614590058102545
2019-09-22,nighttime,6,0.9493080483968271,0.003789380042066964,1.6521739130434985
2019-09-23,daytime,6,-0.2442374604106097,0.6409284281930949,-0.2715414293588166
2019-09-23,nighttime,6,0.734770467866965,0.09619104528386535,3.1000000000001364
2019-09-24,daytime,6,0.918720383999003,0.009641082114608946,4.095890410958913
2019-09-24,nighttime,6,0.9269816100251506,0.007802872374479789,1.8734177215189585
2019-09-25,daytime,6,-0.23991766738600692,0.6470283878231788,-0.16589861751152177
2019-09-25,nighttime,6,0.9827363658152076,4.444770309926329e-4,2.5863013698629036
2019-09-26,daytime,6,0.5971631824739898,0.21073057619058566,0.31249432900825524
2019-09-26,nighttime,6,0.9197840516702775,0.009393818844612758,2.441176470588258
2019-09-27,daytime,6,-0.6480782756329357,0.16398079088341103,-0.6942348989593146
2019-09-27,nighttime,6,0.8076257942498826,0.051952076121000564,3.5148514851486445
2019-09-28,daytime,6,0.3814264394700497,0.4556064688311978,0.2704169538249436
2019-09-28,nighttime,6,0.7245134707364655,0.10338551584441298,3.5194805194809127
2019-09-29,daytime,6,0.47045455797300256,0.346380426540992,3.299292214357926
2019-09-29,nighttime,6,0.8454027929649517,0.03400298509740069,3.3749999999998352
2019-09-30,daytime,6,0.8185677867989407,0.04639031111672139,3.510002899391148
2019-09-30,nighttime,6,0.987854331130998,2.2038006044240927e-4,2.781443298968994
2019-10-01,daytime,6,0.40267315161651324,0.4286361259577549,1.6549586776859073
2019-10-01,nighttime,6,0.9921541533782632,9.209447921446659e-5,2.8151724137929155
2019-10-02,daytime,6,-0.6525466021830514,0.1601128371696335,-0.5719063545150647
2019-10-02,nighttime,6,0.9799378497621111,5.996974021091128e-4,1.669456066945522
2019-10-03,daytime,6,0.9153005986734893,0.010457166608464675,4.309639727361265
2019-10-03,nighttime,6,0.9785886963012439,6.827579480554703e-4,2.0349761526231105
2019-10-04,daytime,6,0.7228947063766448,0.1045419259123621,1.5073891625616238
2019-10-04,nighttime,6,0.9370121079449333,0.0058262603891082385,1.4030418250950376
2019-10-05,daytime,6,-0.24842076003677388,0.6350342394785484,-2.8538461538462885
2019-10-05,nighttime,6,0.991721269453063,1.0252236795467306e-4,2.340384615384561
2019-10-06,daytime,6,-0.8117552464086606,0.049818802125248425,-2.642297650130581
2019-10-06,nighttime,6,0.9687614435267993,0.0014485290835725027,1.7669902912619824
2019-10-07,daytime,6,-0.014910189266011982,0.9776363734709814,-0.06534090909097906
2019-10-07,nighttime,6,0.983896440393357,3.868989231725764e-4,2.1228668941978546
2019-10-08,daytime,6,-0.9678604951901465,0.0015328224392320506,-12.152542372881214
2019-10-08,nighttime,6,0.7753298418327281,0.07004471811994918,9.19999999999692
2019-10-09,daytime,6,-0.7027918354369227,0.11937244083338079,-4.1211009174312885
2019-10-09,nighttime,6,0.8860286276255199,0.01874399650818571,2.0000000000000084
2019-10-10,daytime,6,0.49295283781469323,0.3204651293397919,4.280542986425321
2019-10-10,nighttime,6,0.8686352301040235,0.024751592760473753,2.1428571428571686
2019-10-11,daytime,6,-0.7928712425859147,0.0599103308835175,-2.756809338521323
2019-10-11,nighttime,6,0.9932331652813955,6.853015130617834e-5,1.6453488372092324
2019-10-12,daytime,6,-0.2380335788193948,0.6496931212314263,-0.2641815235008244
2019-10-12,nighttime,6,0.9157484263009923,0.010348468867692641,1.2641509433961953
2019-10-13,daytime,6,-0.02463509540033295,0.9630548322704702,-0.16201117318456892
2019-10-13,nighttime,6,0.6584476965084285,0.15506456381538197,1.9032258064517267
2019-10-14,daytime,6,-0.017483016214562042,0.9737781475712999,-0.09493670886084284
2019-10-14,nighttime,6,NA,NA,NA
2019-10-15,daytime,6,0.7106937278998616,0.11343998320881404,1.3593004769475434
2019-10-15,nighttime,6,-0.22291128503013807,0.6711712410269701,-0.347826086956429
2019-10-16,daytime,6,-0.4288450139351183,0.39616650336721837,-0.09195402298853507
2019-10-16,nighttime,6,0.9429080709444042,0.004796187305736554,3.8333333333333033
2019-10-17,daytime,6,-0.7078744912048456,0.1155413663598117,-0.6283783783783944
2019-10-17,nighttime,6,0.9409131252518097,0.005133744366507851,1.8706624605678275
2019-10-18,daytime,6,-0.4245450516161803,0.40144210439940153,-0.07836456558774353
2019-10-18,nighttime,6,0.9497710678640866,0.003721056003018244,0.9117647058823808
2019-10-19,daytime,6,-0.33189475005387986,0.5204376628301262,-1.349999999999994
2019-10-19,nighttime,6,0.8606441046651173,0.027776948034772615,0.5241935483870781
2019-10-20,daytime,6,0.43281022062314567,0.39132268863601305,0.5986842105263611
2019-10-20,nighttime,6,-0.3162277660168371,0.5414697392755861,-1.00000000000012
2019-10-21,daytime,6,-0.3043553459593016,0.5575635301412072,-0.34036939313983183
2019-10-21,nighttime,6,-0.8097763301789149,0.05083594085586131,-2.6666666666660364
2019-10-22,daytime,6,-0.6357775098827373,0.1748285158514457,-1.7166666666667016
2019-10-22,nighttime,6,-0.4427188724235742,0.37930814086214903,-0.3360000000000658
2019-10-23,daytime,6,0.13607824129078383,0.7971425380392619,0.3145869947275549
2019-10-23,nighttime,6,0.8936836494739812,0.01635389388381443,0.7435897435897519
2019-10-24,daytime,6,0.9647095399102229,0.0018461491980837775,0.37139730025537776
2019-10-24,nighttime,6,0.8275902732496091,0.0420252214365391,1.2452830188677688
2019-10-25,daytime,6,-0.20026487475192495,0.7036186014141099,-0.40875912408761506
2019-10-25,nighttime,6,0.9757809372497515,8.727414976926658e-4,1.0156249999999798
2019-10-26,daytime,6,-0.44562360751341656,0.3758106457495236,-0.269345238095238
2019-10-26,nighttime,6,0.044499415948997735,0.9332949349041757,0.10000000000035382
2019-10-27,daytime,6,-0.4900960876899721,0.3237149812331694,-0.4848311390955982
2019-10-27,nighttime,6,0.36273812505500996,0.47975716275005215,0.06578947368420279
2019-10-28,daytime,6,-0.8246751631375939,0.04341356022200483,-2.3445010924982035
2019-10-28,nighttime,6,0.8879151744224102,0.018140450899941384,1.4130434782608878
2019-10-29,daytime,6,0.9055814109522313,0.012951440215178573,10.228915662650914
2019-10-29,nighttime,6,0.7341303483857976,0.09663328709158164,3.1999999999996
2019-10-30,daytime,6,-0.2612877308867206,0.6169876273673492,-5.7500000000030465
2019-10-30,nighttime,6,NA,NA,NA
2019-10-31,daytime,6,-0.760246816425174,0.07933168656744395,-1.6214953271028583
2019-10-31,nighttime,6,NA,NA,NA
2019-11-01,daytime,6,0.9407168106080701,0.005167569534587311,0.2587837837837864
2019-11-01,nighttime,6,0.7306919800665704,0.09902418865790176,0.15639810426539688
2019-11-02,daytime,6,-0.9253815708942188,0.008144130595930311,-1.6079578700995094
2019-11-02,nighttime,6,0.7150755744804956,0.11020753525074534,0.8832116788321194
2019-11-04,daytime,6,0.8470060274331634,0.03332015659860966,1.862944162436546
2019-11-04,nighttime,6,0.13633547078731084,0.7967638520977264,0.018587360594819382
2019-11-05,daytime,6,0.9630837275874949,0.0020190617990736765,2.872881355932354
2019-11-05,nighttime,6,-0.850390708798464,0.0319000621255015,-4.6233766233768
2019-11-06,daytime,6,0.961756302031789,0.002165903409234143,0.46004056795132964
2019-11-06,nighttime,6,-0.7745966692414772,0.07048399691022367,-1.2000000000000897
2019-11-07,daytime,6,-0.913465827204644,0.010908253593928321,-1.0847457627118804
2019-11-07,nighttime,6,0.8664002254439815,0.02558104515002917,0.44155844155843166
2019-11-08,daytime,6,0.1563946838551582,0.7673206262388832,0.2177589852008658
2019-11-08,nighttime,6,NA,NA,NA
2019-11-09,daytime,6,-0.9398722605109826,0.005314326321241901,-1.0642201834862517
2019-11-09,nighttime,6,0.7167132003459573,0.1090100336124697,0.23708206686931488
2019-11-10,daytime,6,0.9475226329189994,0.004058553053771802,0.6610169491525382
2019-11-10,nighttime,6,0.15110231069223928,0.7750715110122008,0.024523160762959333
2019-11-11,daytime,6,0.25094573304390927,0.631482898734061,0.03673469387754216
2019-11-11,nighttime,6,-0.9723448696087958,0.0011366339473282627,-10.399999999992653
2019-11-12,daytime,6,0.914065018086342,0.010759924440210048,3.8493150684931567
2019-11-12,nighttime,6,0.7985836518841366,0.05676723381232171,1.9622641509434582
2019-11-13,daytime,6,0.6251935417074025,0.18439343840394504,3.0160000000001803
2019-11-13,nighttime,6,-0.7621163439212806,0.0781521951901514,-2.8088235294117414
2019-11-14,daytime,6,-0.9167977437550229,0.010095934554343078,-4.306930693069046
2019-11-14,nighttime,6,0.44721359549995793,0.373900966300059,0.08333333333335873
2019-11-15,daytime,6,0,1,2.4532694666933635e-17
2019-11-15,nighttime,6,NA,NA,NA
2019-11-16,daytime,6,0.037341344602624914,0.9440140170337359,0.11538461538462882
2019-11-16,nighttime,6,0.5556355577960265,0.2523175887443185,0.48514851485147037
2019-11-17,daytime,6,-0.8936828845412789,0.016354124889916298,-0.3816425120773009
2019-11-17,nighttime,6,0.9683296637314918,0.0014886324638933364,0.7402597402597494
2019-11-18,daytime,6,0.584725349272277,0.22287186625575994,0.8805309734513403
2019-11-18,nighttime,6,0.2213133340689955,0.67344991728187,2.399999999996145
2019-11-19,daytime,6,0.9406767399162587,0.005174487113035969,1.5195307464227081
2019-11-19,nighttime,6,NA,NA,NA
2019-11-20,daytime,6,0.6651378631256458,0.14942448655267523,0.17015706806282346
2019-11-20,nighttime,6,NA,NA,NA
2019-11-21,daytime,6,0.7730217767788717,0.07143181226691869,0.7099447513812204
2019-11-21,nighttime,6,NA,NA,-0
2019-11-22,daytime,6,0.7525933001720871,0.08424322133881185,1.7991803278688479
2019-11-22,nighttime,6,NA,NA,1.832070676898387e-14
2019-11-23,daytime,6,0.7432872246546354,0.09039330159896831,0.18865030674845312
2019-11-23,nighttime,6,NA,NA,2.486381632933987e-14
2019-11-24,daytime,6,-0.33920022404891903,0.5107133087381208,-0.395659432387315
2019-11-24,nighttime,6,0.06816421605987923,0.8979120336656119,0.0769230769230332
2019-11-25,daytime,6,0.6687968298455543,0.1463775545938194,1.7645569620253159
2019-11-25,nighttime,6,-0.963638344725398,0.0019592168170533596,-4.092105263157845
2019-11-26,daytime,6,-0.7233140998154357,0.10424177441132877,-0.12414518674381826
2019-11-26,nighttime,6,-0.7444450774116531,0.0896175465546041,-0.08396946564883946
2019-11-27,daytime,6,-0.9899952008659214,1.496432883542471e-4,-0.67058823529413
2019-11-27,nighttime,6,-0.6054493496206022,0.20279543114471976,-0.14662756598240356
2019-11-28,daytime,6,0.8526050577629333,0.030986806111148558,0.4903474903474935
2019-11-28,nighttime,6,-0.7945951053092382,0.05895361965066533,-14.500000000000556
2019-11-29,daytime,6,0.597148449610307,0.21074479498630516,0.25306122448975304
2019-11-29,nighttime,6,-0.517050139411493,0.2935391019021379,-2.0995475113121675
2019-11-30,daytime,6,0.5313753786850999,0.27795645295708515,2.0099009900990117
2019-11-30,nighttime,6,0.8099976712600402,0.050721701287097215,0.5084745762711971
2020-04-02,daytime,6,0.8794027501131677,0.020938580108986374,0.5284552845528641
2020-04-02,nighttime,6,-0.9100315103865863,0.01177737640214896,-0.9523809523809044
2020-04-03,daytime,6,0.9735414546013454,0.0010408207233855702,0.4988331388564711
2020-04-03,nighttime,6,0.9418521386892492,0.004973456650652921,4.889473684210445
2020-04-04,daytime,6,-0.2734674842404804,0.6000243333825503,-0.11327003753588356
2020-04-04,nighttime,6,0.9038901601830636,0.013411763800834742,0.9038901601830411
2020-04-05,daytime,6,-0.15456449789378152,0.7699995403073104,-0.49685534591182967
2020-04-05,nighttime,6,0.8624119441887472,0.027093406158040387,3.650000000000034
2020-04-06,daytime,6,-0.9594550818324196,0.0024325098831700803,-2.610000000000141
2020-04-06,nighttime,6,0.8783100656536804,0.021311641128756543,10.79999999999293
2020-04-07,daytime,6,-0.5251408692129235,0.2846985149244871,-0.6820143884891987
2020-04-07,nighttime,6,NA,NA,NA
2020-04-08,daytime,6,-0.9313235286309637,0.006912731742777899,-1.3919655667145032
2020-04-08,nighttime,6,0.7004041959724734,0.12119096165717876,1.6249999999999731
2020-04-09,daytime,6,0.1558387444947951,0.7681342108695299,0.060000000000001885
2020-04-09,nighttime,6,0.8789784128535691,0.02108308216246047,1.4641638225255869
2020-04-14,daytime,6,0.6437293456143672,0.16778266915578358,1.2820329277022422
2020-04-14,nighttime,6,-0.46111233416338754,0.35735340803474724,-0.3720930232558212
2020-04-15,daytime,6,0.18330302779823465,0.7281249491696584,0.01599999999999432
2020-04-15,nighttime,6,0.9928326494659153,7.687227384487097e-5,0.7511682242990707
2020-04-16,daytime,6,-0.6676885723820721,0.14729760487685156,-0.5920138888888928
2020-04-16,nighttime,6,0.9025569190554618,0.013780112504876763,0.6840022611644939
2020-04-17,daytime,6,0.7596846395635704,0.0796879257323537,0.2510638297872216
2020-04-17,nighttime,6,-0.9034317185885012,0.013537878944259767,-0.05564924114670645
2020-04-18,daytime,6,0.9860442744361981,2.9078438958112673e-4,0.4807280513918618
2020-04-18,nighttime,6,0.8227533512074398,0.044340338212895146,0.23076923076924216
2020-04-19,daytime,6,0.5521576303742235,0.25593392492253725,1.2499999999997717
2020-04-19,nighttime,6,0.9403655960976011,0.005228355407106014,0.3215590742996315
2020-04-20,daytime,6,0.925991963225998,0.00801310623948168,0.45691699604742697
2020-04-20,nighttime,6,0.7905694150420948,0.061198819637512406,0.625000000000021
2020-04-21,daytime,6,0.9486407976680906,0.0038889146746706716,1.9485477178422963
2020-04-21,nighttime,6,0.9417641827634221,0.004988364835435604,0.2769679300291583
2020-04-22,daytime,6,0.7890892224311726,0.062034024530630304,0.18652423993426462
2020-04-22,nighttime,6,0.7676494735787429,0.07470822381133926,1.285714285714295
2020-04-23,daytime,6,-0.2550690905693123,0.6256937923934671,-1.799999999997752
2020-04-23,nighttime,6,0.945472204088107,0.004378857573630812,0.5418118466899046
2020-04-24,daytime,6,0.8738395281589268,0.02287068263727482,0.3626440266828371
2020-04-24,nighttime,6,NA,NA,NA
2020-04-25,daytime,6,0.681343317555035,0.13613459052772411,0.1905511811023684
2020-04-25,nighttime,6,0.43635398199306036,0.3870109728223428,1.0948275862069448
2020-04-26,daytime,6,0.9698993393349146,0.0013454383103384615,0.19886632026452689
2020-04-26,nighttime,6,-0.10174003687591623,0.8479165020326933,-0.455445544554258
2020-04-27,daytime,6,-0.9062910350740638,0.012760608609533255,-0.9468569319719602
2020-04-27,nighttime,6,-0.7611568861995051,0.07875652343784714,-25.333333333328085
2020-04-28,daytime,6,-0.8669600802928957,0.025372052326009045,-1.8603213844252953
2020-04-28,nighttime,6,0.869458812648721,0.02444922610168407,0.2581322140608708
2020-04-29,daytime,6,-0.9183790102966316,0.009721099996507067,-0.9488956258120563
2020-04-29,nighttime,6,-0.6243679587097061,0.185148412124597,-2.031746031746012
2020-04-30,daytime,6,0.6322546497506131,0.17798864068979794,0.4366972477064115
2020-04-30,nighttime,6,NA,NA,NA
2020-05-01,daytime,6,0.7788165300762632,0.06797280810765907,0.8877551020408118
2020-05-01,nighttime,6,0.8660353170221587,0.025717703406021433,0.14354395604396325
2020-05-02,daytime,6,-0.24355840240809148,0.6418864232865439,-0.206080239222528
2020-05-02,nighttime,6,0.7087887780073017,0.11485802900833382,0.28960817717205656
2020-05-03,daytime,6,-0.14197293500509572,0.7884714230405361,-0.11229946524065194
2020-05-03,nighttime,6,-0.875040641318859,0.02244665170425051,-2.005494505494464
2020-05-04,daytime,6,0.8511549533237707,0.03158345219369112,0.17604039700504884
2020-05-04,nighttime,6,0.6576352139441317,0.15575555755366333,1.486784140969137
2020-05-05,daytime,6,0.9962555826331829,2.1004742521330396e-5,0.5887286145588727
2020-05-05,nighttime,6,0.8328081600827816,0.03959290094461041,1.0517241379310303
2020-05-06,daytime,6,0.5685352436149615,0.23908161839411696,0.22222222222221608
2020-05-06,nighttime,6,-0.31657209738390835,0.5410049481903387,-0.20868134423123688
2020-05-07,daytime,6,0.13745931669523193,0.7951096762328931,0.05112781954886503
2020-05-07,nighttime,6,-0.7517296073704983,0.08480581323456977,-0.4214285714285716
2020-05-08,daytime,6,0.3710019675770491,0.46902986036548955,1.2195121951219166
2020-05-08,nighttime,6,-0.15981800795164866,0.7623140075239219,-0.051083591331270585
2020-05-09,daytime,6,0.8180277426948317,0.04665794785653727,0.2560400707130242
2020-05-09,nighttime,6,0.9897882079828132,1.558885979129078e-4,1.4999999999999718
2020-05-10,daytime,6,-0.71780491948651,0.10821492472331828,-2.5365853658538335
2020-05-10,nighttime,6,0.991974209288051,9.636149092915466e-5,1.5186640471512134
2020-05-11,daytime,6,-0.805707988900521,0.05295687634484982,-0.5657894736842294
2020-05-11,nighttime,6,0.8905635565617218,0.017309178966376387,1.586206896551731
2020-05-12,daytime,6,0.9430280258301182,0.004776248777958865,0.8267008985879332
2020-05-12,nighttime,6,-0.38428704152652965,0.45194452617330927,-1.7454545454543695
2020-05-13,daytime,6,-0.6181254664502317,0.19089820889112386,-5.349999999999984
2020-05-13,nighttime,6,0.8009507034596415,0.055487705165915883,1.937500000000014
2020-05-14,daytime,6,-0.43771186605991197,0.3853631762916751,-2.3023255813953405
2020-05-14,nighttime,6,0.6180491681319095,0.19096893377763946,1.6526315789473611
2020-05-15,daytime,6,0.23713087392969998,0.6509707482822056,0.11027837259100898
2020-05-15,nighttime,6,0.8839851259121486,0.019408428257343693,2.8715953307392708
2020-05-16,daytime,6,0.7485404598830211,0.08689771818669156,1.1547196593328517
2020-05-16,nighttime,6,0.16160443599967572,0.759703576219526,0.23557692307697525
2020-05-17,daytime,6,0.8011764680551547,0.05536636895687943,0.3577712609970668
2020-05-17,nighttime,6,0.9819427035450728,4.861549980826838e-4,1.8737309644669928
2020-05-18,daytime,6,-0.9036606430909199,0.013474831661542772,-0.4900990099009921
2020-05-18,nighttime,6,0.1294432920730497,0.8069195096933335,0.5795454545454919
2020-05-19,daytime,6,0.4739539464790271,0.34230177310807236,0.3585746102449772
2020-05-19,nighttime,6,0.9450920336063098,0.004439556564324083,2.722448979591776
2020-05-20,daytime,6,-0.9344606130818083,0.006302357546881345,-0.28824626865670466
2020-05-20,nighttime,6,-0.8934421270213313,0.016426910478274003,-0.2448780487804827
2020-05-21,daytime,6,-0.753928836526426,0.08337659657782256,-1.3435114503817551
2020-05-21,nighttime,6,0.7965422033021696,0.05788153717510502,2.167999999999964
2020-05-22,daytime,6,-0.6756650881135414,0.14073079950586082,-0.33472534532606657
2020-05-22,nighttime,6,-0.8094164242304646,0.05102195124256809,-0.7725587144622901
2020-05-23,daytime,6,-0.5386546066891578,0.2701630798818239,-0.1574450772986214
2020-05-23,nighttime,6,-0.22550660612738943,0.6674739603960215,-0.45344129554655144
2020-05-24,daytime,6,0.061839343693839824,0.9073592245132773,0.02271967925157667
2020-05-24,nighttime,6,0.606445794861218,0.2018495642833013,3.444444444444633
2020-05-25,daytime,6,0.9758613951024534,8.669759220294855e-4,1.9078947368422143
2020-05-25,nighttime,6,NA,NA,NA
2020-05-26,daytime,6,-0.275105321198824,0.5977524076515186,-0.4482758620691613
2020-05-26,nighttime,6,0.5279784650765662,0.2816222733642961,1.2473684210525195
2020-05-27,daytime,6,0.06324555320337286,0.9052581613013475,0.20000000000032422
2020-05-27,nighttime,6,-0.8749083494037977,0.022493169437121673,-1.5742574257425384
2020-05-28,daytime,6,0.46143537251001765,0.3569719515513254,0.16326530612243614
2020-05-28,nighttime,6,-0.6002450479987755,0.20776480797220223,-1.3124999999999094
2020-05-29,daytime,6,-0.5855400437691327,0.22206822756387073,-0.2857142857142972
2020-05-29,nighttime,6,0.7907457305663635,0.061099679022693525,0.21561338289963766
2020-05-30,daytime,6,-0.9254896267654954,0.008120860393725247,-0.06423982869380088
2020-05-30,nighttime,6,NA,NA,NA
2020-05-31,daytime,6,-0.7241648401566172,0.10363408915730925,-0.1404682274247488
2020-05-31,nighttime,6,-0.6158817620514224,0.19298251869123279,-0.7586206896551538
2020-06-01,daytime,6,0.22354907042289107,0.6702622358775209,0.022715539494061097
2020-06-01,nighttime,6,-0.20672455764866943,0.6943303549297448,-0.09259259259257989
2020-06-02,daytime,6,0.1326144972063389,0.8022443735716455,0.07100591715976709
2020-06-02,nighttime,6,0.6002567852512645,0.20775354551205052,0.19153225806451624
2020-06-03,daytime,6,0.5409814190405151,0.26768992477869136,0.08129469326308048
2020-06-03,nighttime,6,0.4977632656170631,0.3150200728211594,0.35760368663591047
2020-06-04,daytime,6,0.021566162817154573,0.9676557709787312,0.007557864903157083
2020-06-04,nighttime,6,0.9367070202920843,0.005882226041587779,0.7002827521206347
2020-06-05,daytime,6,0.8881862653588992,0.018054501825086312,0.28571428571428187
2020-06-05,nighttime,6,-0.35398515353526433,0.49120041106478146,-0.15978552278820687
2020-06-06,daytime,6,0.7634220296401404,0.07733317178349951,1.7587548638132557
2020-06-06,nighttime,6,0.8170375966323494,0.04715050629155037,1.1823708206687167
2020-06-07,daytime,6,0.6191880404215573,0.18991437633595212,2.1666666666667127
2020-06-07,nighttime,6,0.9520134730258359,0.0033988107062721596,1.4847746650426432
2020-06-08,daytime,6,0.3496571537551858,0.4968888330599494,0.5693069306930634
2020-06-08,nighttime,6,0.9333383529540119,0.006517548093795955,1.1287758346581709
2020-06-09,daytime,6,0.28772296727797975,0.5803250509240165,0.13341968911917526
2020-06-09,nighttime,6,0.9713490076992055,0.0012195595356212306,2.8043478260867944
2020-06-10,daytime,6,0.12150239580484865,0.8186432660324784,0.056218057921635756
2020-06-10,nighttime,6,0.07408177304138484,0.8890806248641963,0.7857142857137932
2020-06-11,daytime,6,0.174116132837443,0.7414650903213624,0.22535211267608024
2020-06-11,nighttime,6,0.831172115292802,0.040348243652324964,2.495156081808407
2020-06-12,daytime,6,0.22742941307366815,0.6647376755551959,0.45517241379312584
2020-06-12,nighttime,6,0.4105066614457362,0.4188284204540494,1.1581818181819075
2020-06-13,daytime,6,0.9968898034534369,1.4494940870171914e-5,1.5734557595993393
2020-06-13,nighttime,6,-0.4344706246093487,0.3893004267798509,-0.5952380952380992
2020-06-14,daytime,6,0.998801249877908,2.1546414797488643e-6,1.3991291727141215
2020-06-14,nighttime,6,0.8832595429133048,0.01964701249224492,0.9163636363635782
2020-06-15,daytime,6,-0.6805371120068491,0.13678316721424646,-2.081081081080953
2020-06-15,nighttime,6,0.7233926546697023,0.10418559670567845,4.120689655172431
2020-06-16,daytime,6,-0.7175105773237289,0.10842904423086369,-0.3321428571428282
2020-06-16,nighttime,6,-0.3497319975903691,0.4967902958703301,-1.641025641025554
2020-06-17,daytime,6,0.23074490146403567,0.6600254473747584,0.7209302325580647
2020-06-17,nighttime,6,-0.5692797461201167,0.23832630844927405,-1.8021978021975769
2020-06-18,daytime,6,-0.35080623637539765,0.49537663289189054,-1.4999999999999238
2020-06-18,nighttime,6,0.9247721989276612,0.008275967665811085,1.4999999999999882
2020-06-19,daytime,6,0.6880738684420813,0.13077198674400856,1.3269493844049223
2020-06-19,nighttime,6,0.5613022616940295,0.2464686170079068,6.411764705880933
2020-06-20,daytime,6,0.5681935821311762,0.23942855609697883,0.9635471433578826
2020-06-20,nighttime,6,0.03588995277385798,0.9461881855607002,0.035797665369659754
2020-06-21,daytime,6,-0.29171462011729965,0.5748401505384065,-0.20809659090909538
2020-06-21,nighttime,6,0.29074059580190004,0.5761772712503932,3.215644820296405
2020-06-22,daytime,6,0.40107281056425786,0.43064894985990004,0.10169851380042016
2020-06-22,nighttime,6,-0.24633712132854307,0.6379684298149613,-0.6231003039513099
2020-06-23,daytime,6,0.15700481706478223,0.766427899012036,0.13218390804603838
2020-06-23,nighttime,6,0.9433100631677764,0.0047295297949161465,0.4034013605442
2020-06-24,daytime,6,0.2433233670223396,0.6422180828467418,0.19449776071656388
2020-06-24,nighttime,6,0.7839347619072078,0.06498286566637082,0.26162790697673455
2020-06-25,daytime,6,0.7802096154588525,0.06715292329228463,0.3965948923385012
2020-06-25,nighttime,6,0.9732828924277379,0.0010611703685920542,0.4033790918690604
2020-06-26,daytime,6,0.869194562885419,0.024546048973850734,1.12125484666903
2020-06-26,nighttime,6,-0.38695200532057406,0.448541512683545,-0.5078534031413434
2020-06-27,daytime,6,0.8741734688318722,0.02275241122079659,1.2683142100617877
2020-06-27,nighttime,6,0.9310421821615444,0.0069688175213454846,2.326086956521807
2020-06-28,daytime,6,-0.43198694816066807,0.3923267081896887,-0.752701080432195
2020-06-28,nighttime,6,0.8507824251632143,0.031737596306456554,3.333333333333129
2020-06-29,daytime,6,0.5341109897011054,0.2750176513851278,0.33912155260469257
2020-06-29,nighttime,6,0.9238317167652194,0.008481461819677518,1.2387096774192579
2020-06-30,daytime,6,-0.6805219336337638,0.1367953906518364,-0.9999999999999791
2020-06-30,nighttime,6,0.8704266623395963,0.02409615517988256,1.2869287991498253
2020-07-01,daytime,6,-0.2206854440790975,0.6743457523276017,-0.8702290076336574
2020-07-01,nighttime,6,0.9528036578958476,0.003288677260881008,2.831932773109209
2020-07-02,daytime,6,-0.7655502643567776,0.07600655618794838,-1.5183823529412468
2020-07-02,nighttime,6,0.9277911481222204,0.007632924686640548,1.8644067796609998
2020-07-03,daytime,6,-0.442140077208782,0.38000639026306293,-0.5782057303898491
2020-07-03,nighttime,6,0.9807543765536202,5.520268008242078e-4,0.8116853932584156
2020-07-04,daytime,6,-0.6241103001582304,0.18538429550243476,-1.243421052631574
2020-07-04,nighttime,6,0.9786803326884402,6.769471262573477e-4,1.7032040472175125
2020-07-05,daytime,6,-0.565359658900422,0.24231390196931907,-3.609442060085943
2020-07-05,nighttime,6,0.9758392294014222,8.685624155020733e-4,2.9625935162092656
2020-07-06,daytime,6,0.882408103195697,0.01992875948934588,2.9086538461537494
2020-07-06,nighttime,6,0.9100682910598745,0.011767897516278592,3.68325791855196
2020-07-07,daytime,6,0.45518718317061113,0.3643755640543268,0.6441073512252165
2020-07-07,nighttime,6,0.9336476358249329,0.006457891686145664,3.033898305084472
2020-07-08,daytime,6,-0.5254313811028283,0.28438298655619987,-1.0135135135134434
2020-07-08,nighttime,6,0.8080798745860199,0.05171547271631466,5.285714285713777
2020-07-09,daytime,6,0.6315460890127733,0.1786270913421908,7.676470588234979
2020-07-09,nighttime,6,0.8304547985373913,0.04068152582749043,6.896551724137438
2020-07-10,daytime,6,-0.1822563055569758,0.7296425784049219,-0.9657947686117918
2020-07-10,nighttime,6,0.8776573588954858,0.021535987438493463,4.157142857142703
2020-07-11,daytime,6,0.03405740777591615,0.9489336400493822,0.09558823529410433
2020-07-11,nighttime,6,0.798502012547121,0.056811604303528634,11.499999999997382
2020-07-12,daytime,6,-0.06329314253276914,0.9051870630581358,-0.3658536585366326
2020-07-12,nighttime,6,0.9904518210309398,1.363163395766669e-4,3.1808510638298038
2020-07-13,daytime,6,0.33584003225078785,0.5151794029404482,0.940191387559798
2020-07-13,nighttime,6,0.9717975398148828,0.0011818523218272345,2.3621013133207813
2020-07-14,daytime,6,-0.8831827576318635,0.019672342466868085,-1.9922566371680883
2020-07-14,nighttime,6,0.9860935314186701,2.8874011754082354e-4,3.321428571428476
2020-07-15,daytime,6,0.5343439727910125,0.27476791646376325,0.8909952606635627
2020-07-15,nighttime,6,0.9335648661912093,0.00647383055598511,3.1350114416475314
2020-07-16,daytime,6,0.2229053208606033,0.6711797427587907,0.19274809160304637
2020-07-16,nighttime,6,0.9456259257842905,0.004354430358978301,4.555555555555471
2020-07-17,daytime,6,-0.8400150412349493,0.0363453580757089,-1.4576923076923018
2020-07-17,nighttime,6,0.9601920576192045,0.0023454671435495828,6.095238095237632
2020-07-18,daytime,6,-0.7309942254692905,0.09881297880662046,-1.8175787728027022
2020-07-18,nighttime,6,0.9569688990161648,0.002737673656838837,6.000000000000031
2020-07-19,daytime,6,-0.2595875477109431,0.6193649220819797,-0.80097087378631
2020-07-19,nighttime,6,0.939277657659951,0.0054188564917445016,6.330188679245288
2020-07-20,daytime,6,0.6397164066718978,0.17132322744813186,2.829787234042788
2020-07-20,nighttime,6,0.9820952045302868,4.7800257632620713e-4,3.0348837209301203
2020-07-21,daytime,6,-0.3101369050047255,0.5497098860661118,-3.400000000000849
2020-07-21,nighttime,6,0.9049840162255955,0.013113151842172738,6.831999999999917
2020-07-22,daytime,6,-0.6351762657230842,0.17536618063119663,-1.717105263157787
2020-07-22,nighttime,6,0.9712531456190875,0.0012276945189080466,2.6796116504851852
2020-07-23,daytime,6,0.516352262843695,0.29430643794485195,4.2307692307699485
2020-07-23,nighttime,6,0.9673066519571444,0.0015858102850135755,2.7241379310342886
2020-07-24,daytime,6,0.7825578622662992,0.06578117498385341,2.0337283500455925
2020-07-24,nighttime,6,0.7426106572325026,0.09084798213814756,1.4705882352939275
2020-07-25,daytime,6,0.9668537435326053,0.0016298030063474462,0.5267558528428131
2020-07-25,nighttime,6,-0.48917617746989056,0.32476403266380527,-0.44987146529561173
2020-07-26,daytime,6,0.8806516728026712,0.02051603463617452,0.6075812274368273
2020-07-26,nighttime,6,0.9684967949737253,0.0014730451821248862,1.8983050847456349
2020-07-27,daytime,6,-0.32743803916174247,0.5263961855500101,-0.4314230521571043
2020-07-27,nighttime,6,0.7298004491997612,0.09964835886768564,2.333333333333375
2020-07-28,daytime,6,0.6090161026160595,0.19941806904429807,2.339055793991315
2020-07-28,nighttime,6,0.853983732106444,0.030424537526756244,2.083333333333373
2020-07-29,daytime,6,0.16286592735588432,0.7578611435958497,1.563380281689867
2020-07-29,nighttime,6,0.9261377597921145,0.007981963246499276,3.4468085106382236
2020-07-30,daytime,6,-0.37301032674298806,0.4664342235693223,-2.579545454545186
2020-07-30,nighttime,6,0.9182430617242493,0.009753055695350843,2.4999999999998503
2020-07-31,daytime,6,-0.5991811817505822,0.20878666866194012,-0.8405194805195022
2020-07-31,nighttime,6,0.9482730064810473,0.00394432029868771,2.9868421052631846
2020-08-01,daytime,6,-0.8019698248460926,0.05494095465668609,-0.2729357798165322
2020-08-01,nighttime,6,0.9003284008871483,0.014406551358513922,5.687499999998021
2020-08-02,daytime,6,0.8748082010035546,0.022528415113907223,1.263681592039823
2020-08-02,nighttime,6,0.920999116802568,0.009115181550816252,2.702702702702643
2020-08-03,daytime,6,0.8571101717393788,0.029167527780480505,1.0894941634241253
2020-08-03,nighttime,6,0.9382360456206125,0.005604370954762236,1.6948051948049783
2020-08-04,daytime,6,0.6132897272573166,0.195401990593379,0.6777251184834445
2020-08-04,nighttime,6,0.9052009889233088,0.013054306386778857,1.3846153846152827
2020-08-05,daytime,6,0.6947313654031944,0.1255595787778722,2.2037037037036855
2020-08-05,nighttime,6,0.9160063878340096,0.010286105930730165,2.3773584905659906
2020-08-06,daytime,6,0.10902317936651675,0.8371131586291573,0.04786545924967367
2020-08-06,nighttime,6,0.8840493022983206,0.019387393140963886,2.82178217821781
2020-08-07,daytime,6,0.8356746164180004,0.03828562219647887,1.44574095682613
2020-08-07,nighttime,6,0.7119032818596314,0.1125436051791718,2.93333333333308
2020-08-08,daytime,6,0.7342991427194416,0.09651658386114499,0.9000000000000172
2020-08-08,nighttime,6,0.6956083436402531,0.1248798257429076,3.999999999999229
2020-08-09,daytime,6,-0.7719179816184849,0.0720995368972466,-0.7013188518231469
2020-08-09,nighttime,6,-0.9327242421414955,0.0066367954248684625,-0.47864768683273057
2020-08-10,daytime,6,-0.5884526038248677,0.21920473857218978,-2.304985337243464
2020-08-10,nighttime,6,0.03588773501485169,0.9461915079144689,0.030395136778078112
2020-08-11,daytime,6,0.596323163634417,0.2115419052702465,0.6557842441447679
2020-08-11,nighttime,6,0.8527252420021015,0.030937597490296814,2.098837209302326
2020-08-12,daytime,6,-0.879544560436115,0.020890394502443062,-2.589616810877784
2020-08-12,nighttime,6,0.47529318789335745,0.3407454426961108,0.5421686746988152
2020-08-13,daytime,6,0.23728130264226105,0.6507578014110413,0.7855887521969237
2020-08-13,nighttime,6,-0.8432433936819483,0.03493298910890378,-5.226415094339384
2020-08-14,daytime,6,0.34154105442376875,0.5076088502041698,1.1504132231404385
2020-08-14,nighttime,6,0.932701318873428,0.00664126707372878,2.5709156193895804
2020-08-15,daytime,6,-0.8742947546591674,0.022709527939177555,-1.9251336898396663
2020-08-15,nighttime,6,-0.847688279377744,0.03303156119863624,-1.3124999999999765
2020-08-16,daytime,6,0.26005519634917384,0.618710803574318,0.42499999999998717
2020-08-16,nighttime,6,-0.10012267434586361,0.8503178308546648,-0.07446808510639112
2020-08-17,daytime,6,0.47616581885115744,0.3397327352156398,0.2341073467833976
2020-08-17,nighttime,6,0.8744746321952089,0.02264599931123915,0.8823529411764558
2020-08-18,daytime,6,0.9948971071218363,3.8992835159345986e-5,1.11093750000001
2020-08-18,nighttime,6,0.2290137569983574,0.6624849412136006,0.5031055900622898
2020-08-19,daytime,6,-0.7862769222860833,0.06363515721521078,-0.4569536423841305
2020-08-19,nighttime,6,0.8218572681484592,0.044775584452438885,2.1153846153846136
2020-08-20,daytime,6,0.9819890391799627,4.8367073428841106e-4,0.8553615960099763
2020-08-20,nighttime,6,0.9911031129868971,1.1837978302606028e-4,1.1177730192719146
2020-08-21,daytime,6,-0.20618863802347542,0.6950999695284393,-2.073170731706574
2020-08-21,nighttime,6,0.9966354303906861,1.696144896699607e-5,0.8510769230769042
2020-08-22,daytime,6,0.6085941493268884,0.19981640748794233,0.6878612716762659
2020-08-22,nighttime,6,0.7296881432411239,0.09972710891677043,0.09934829833454353
2020-08-23,daytime,6,0.9723305746496299,0.0011378038329368928,0.32950530035336223
2020-08-23,nighttime,6,0.7593570075548072,0.07989587120113936,0.24180967238689116
2020-08-24,daytime,6,0.6097402430830654,0.19873521378184647,0.18650306748466391
2020-08-24,nighttime,6,0.9159652779711174,0.0102960321098247,0.7087378640775953
2020-08-25,daytime,6,-0.9361599101799208,0.0059832436377021455,-1.1256454388984842
2020-08-25,nighttime,6,0.6711560552140258,0.14442719087581457,1.1111111111110035
2020-08-26,daytime,6,0.44883070389391794,0.37196219256357244,0.31603773584906053
2020-08-26,nighttime,6,-0.12811979957607142,0.8088718235867063,-0.24271844660182934
2020-08-27,daytime,6,-0.4666106636456539,0.35088052722148555,-0.9776951672863411
2020-08-27,nighttime,6,-0.40821862918332774,0.4216853323156102,-0.6206185567010086
2020-08-28,daytime,6,0.7870270924538563,0.06320623402479252,1.5372670807454114
2020-08-28,nighttime,6,0.18380960418406223,0.7273906866644956,0.4206008583688496
2020-08-29,daytime,6,0.947012757981855,0.004137086967851878,1.3269689737470167
2020-08-29,nighttime,6,0.6675771272598023,0.14739026030305116,0.4770436730123069
2020-08-30,daytime,6,-0.4727452923698231,0.343708537741421,-0.4836461126005274
2020-08-30,nighttime,6,-0.06816421605987652,0.897912033665616,-0.07692307692308312
2020-08-31,daytime,6,0.7884612603226869,0.062389922293357304,1.8599999999999972
2020-08-31,nighttime,6,0.9428788163366069,0.004801056089578706,0.7267904509283574
2020-09-01,daytime,6,-0.7986411154727335,0.05673601227067827,-0.33856854386359014
2020-09-01,nighttime,6,0.9119557291898743,0.011286439925248897,1.3406593406593472
2020-09-02,daytime,6,0.4976084456565292,0.315194781446252,1.3874202370100561
2020-09-02,nighttime,6,-0.9314776880008524,0.006882094208688686,-1.6792452830188067
2020-09-03,daytime,6,0.8457709306622465,0.03384561570334525,0.4087591240875853
2020-09-03,nighttime,6,0.7769460638330652,0.06908077989870048,1.1564885496183044
2020-09-04,daytime,6,0.9098621274828192,0.011821076374298975,1.1213592233009844
2020-09-04,nighttime,6,0.9735533617637839,0.0010398882953325834,1.3250807319698412
2020-09-05,daytime,6,0.9791847342112345,6.454035646263873e-4,0.876325088339233
2020-09-05,nighttime,6,0.7516962987779126,0.08482754347572188,2.108433734939775
2020-09-06,daytime,6,0.9068211555413153,0.012618942378583716,2.18966435801813
2020-09-06,nighttime,6,0.9694333643135635,0.001387199328217696,2.493290734824234
2020-09-07,daytime,6,-0.47991644369773734,0.3353924624218324,-0.45704083909842075
2020-09-07,nighttime,6,0.8121303990886933,0.049627052863949146,0.5136363636363579
2020-09-08,daytime,6,0.8584599406054855,0.028632604973144904,3.692937563971492
2020-09-08,nighttime,6,-0.7495316889958624,0.08624507577470754,-0.9999999999999787
2020-09-09,daytime,6,0.041704081652415695,0.9374801440252354,0.2528735632184819
2020-09-09,nighttime,6,0.9045340337332903,0.013235599563682834,0.9999999999999499
2020-09-10,daytime,6,-0.785114002440113,0.06430270087450436,-1.3844866071428379
2020-09-10,nighttime,6,0.824912456903807,0.0432997605981292,8.875000000001311
2020-09-11,daytime,6,0.4586364388573002,0.360281829056026,0.5480314960629691
2020-09-11,nighttime,6,0.9420937471322586,0.0049326174656138914,0.9014084507041651
2020-09-12,daytime,6,-0.5596744514195576,0.24814327382594972,-0.7843551797039799
2020-09-12,nighttime,6,0.8500359857480067,0.03204752258350745,0.9759036144578196
2020-09-13,daytime,6,0.4692173801336451,0.3478265402753088,0.090656155808024
2020-09-13,nighttime,6,0.4294566528158468,0.3954180137753746,0.5974025974026308
2020-09-14,daytime,6,0.7940083204236932,0.059278479688859895,0.8370911400444597
2020-09-14,nighttime,6,0.8438534092733121,0.03466907251550078,2.9110320284698
2020-09-15,daytime,6,0.9892061013640923,1.7413358253508048e-4,1.8902439024390223
2020-09-15,nighttime,6,0.9458242838945609,0.00432300923737967,0.9504950495049466
2020-09-16,daytime,6,-0.5363461214191514,0.27262540116008993,-5.866666666665302
2020-09-16,nighttime,6,0.9683296637314874,0.0014886324638937443,0.27142857142856774
2020-09-17,daytime,6,-0.7710641603217316,0.07261797906703679,-0.45652173913040706
2020-09-17,nighttime,6,0.9170443557453035,0.01003702297576006,0.45283018867924874
2020-09-18,daytime,6,0.5813183589761749,0.22624521874205494,0.4827586206896325
2020-09-18,nighttime,6,0.9332644926692166,0.006531834348069805,0.393835616438336
2020-09-19,daytime,6,0.9647717854022577,0.0018396810710507062,1.1122448979591741
2020-09-19,nighttime,6,0.0695896001968809,0.8957841009165042,0.5588235294110817
2020-09-20,daytime,6,-0.8754714850102657,0.02229547286975939,-5.321428571429247
2020-09-20,nighttime,6,0.779995234925953,0.06727879903106104,1.9182897862232817
2020-09-21,daytime,6,0.26947163533700724,0.6055763833083723,1.5333333333330015
2020-09-21,nighttime,6,0.09307578419910127,0.8607894861890555,0.13235294117648358
2020-09-22,daytime,6,0.9452941770058065,0.0044072308055418015,0.6388888888888753
2020-09-22,nighttime,6,-0.7221717478731718,0.10506022826586342,-1.5799999999999563
2020-09-23,daytime,6,0.04649277311480649,0.9303110892044342,0.2500000000002001
2020-09-23,nighttime,6,0.7579418891869146,0.08079684348721283,1.9926470588235672
2020-09-24,daytime,6,0.025507216374615085,0.9617474731662409,0.06896551724159958
2020-09-24,nighttime,6,0.876737866706737,0.021853935347404624,0.8102189781022084
2020-09-25,daytime,6,0.8813768894400008,0.020272564407053707,0.9380530973451493
2020-09-25,nighttime,6,0.734846922834955,0.09613828491300615,0.8999999999999725
2020-09-26,daytime,6,0.8998299159013491,0.01454851301926619,0.5632653061224532
2020-09-26,nighttime,6,0.3123475237772116,0.5467151789086808,0.1666666666666575
2020-09-27,daytime,6,0.6042466070582231,0.2039395258194203,3.7883211678831006
2020-09-27,nighttime,6,-0.014059761771052297,0.9789117469884898,-0.0035186488388432744
2020-09-28,daytime,6,-0.8273464689381302,0.042140527255699,-2.0989010989011634
2020-09-28,nighttime,6,0.41581695762120446,0.41222271759908535,5.999999999995674
2020-09-29,daytime,6,NA,NA,0
2020-09-29,nighttime,6,0.8660457184747232,0.025713803269749667,2.0857142857142787
2020-09-30,daytime,6,0.9818182847033124,4.928569485082268e-4,0.40979541227526556
2020-09-30,nighttime,6,-0.15811388300841744,0.764805599024979,-0.04999999999999916
2020-10-01,daytime,6,-0.8054778704639466,0.05307804061465962,-0.38032786885246606
2020-10-01,nighttime,6,-0.38405924688438553,0.4522357881582729,-0.04214328717639585
2020-10-02,daytime,6,0.9777279260071392,7.385439413258432e-4,0.34559193954660566
2020-10-02,nighttime,6,NA,NA,-0
2020-10-03,daytime,6,-0.6827438600031751,0.13501104096545316,-1.6205733558177864
2020-10-03,nighttime,6,-0.7147045931021602,0.11047961233881294,-3.833333333333033
2020-10-04,daytime,6,-0.6366624736381996,0.17403838827644713,-1.927272727272648
2020-10-04,nighttime,6,0.4324501330273814,0.39176172424127714,0.30964467005075136
2020-10-05,daytime,6,0.5532833351724881,0.2547612220125668,0.7142857142856947
2020-10-05,nighttime,6,0.6236814205473816,0.18577720537067063,1.9807692307692402
2020-10-06,daytime,6,-0.8500196758685332,0.032054310413330095,-1.028391167192439
2020-10-06,nighttime,6,0.7784674915649281,0.06817894149621141,0.6787330316742036
2020-10-07,daytime,6,-0.7662672848552655,0.07556194930138527,-2.038461538461546
2020-10-07,nighttime,6,-0.7924636808761049,0.06013755363723829,-3.7058823529408618
2020-10-08,daytime,6,0.3816395469282211,0.45533333990101965,1.5584415584414022
2020-10-08,nighttime,6,0.8449892338825167,0.03418018090758534,1.6243654822334512
2020-10-09,daytime,6,NA,NA,NA
2020-10-09,nighttime,6,0.9677664284605939,0.0015417593103512876,0.6678832116788315
2020-10-10,daytime,6,-0.7679817174694644,0.07450366496792142,-4.250000000000522
2020-10-10,nighttime,6,-0.33954987505086986,0.5102492390442753,-0.5833333333333273
2020-10-11,daytime,6,0.7589073885192514,0.08018163891384908,1.2965116279069888
2020-10-11,nighttime,6,0.17770466332772328,0.7362488681135895,0.5999999999994707
2020-10-12,daytime,6,0.8574929257125422,0.029015363531384574,1.2500000000002267
2020-10-12,nighttime,6,0.8863823239936802,0.018630120508141067,2.6764705882350746
2020-10-13,daytime,6,0.48167270309916077,0.33336704839606035,1.7142857142857784
2020-10-13,nighttime,6,0,1,2.3009450394256323e-13
2020-10-14,daytime,6,0.01581287082698284,0.9762826707390628,0.0042507970244443465
2020-10-14,nighttime,6,-0.867621765330537,0.025126097626758517,-0.2509225092250895
2020-10-15,daytime,6,0.5717852706496974,0.23579137357013835,2.7974683544306123
2020-10-15,nighttime,6,0.533228551924977,0.2759643260128938,0.14893617021277514
2020-10-16,daytime,6,0.9329237400390225,0.006597941394394008,2.0295420974889398
2020-10-16,nighttime,6,-0.8337788470424253,0.039147906215812586,-2.499999999999987
2020-10-17,daytime,6,0.8267697507361608,0.04241386993126756,3.5250000000000914
2020-10-17,nighttime,6,-0.25231028011870293,0.6295656762713469,-0.12732095490713774
2020-10-18,daytime,6,0.7857004616643765,0.0639656608952751,1.0040983606557683
2020-10-18,nighttime,6,0.62918700611169,0.1807595992586957,0.12371134020619355
2020-10-19,daytime,6,-0.25200806438709905,0.6299901756251922,-0.07258064516129276
2020-10-19,nighttime,6,-0.6049240217193025,0.20329482023426282,-0.5560747663551291
2020-10-20,daytime,6,0.6912667187532973,0.12826071082056867,0.4285714285714274
2020-10-20,nighttime,6,-0.55864985446308,0.24919963984432258,-0.578406169665779
2020-10-21,daytime,6,0.9078302707624465,0.012351385621235179,1.2246305418719259
2020-10-21,nighttime,6,0.9370808665989286,0.005813683343499912,1.3020408163264738
2020-10-22,daytime,6,0.5509569882946527,0.25718700699187874,0.24892703862660842
2020-10-22,nighttime,6,0.9070142405965455,0.012567533399846592,0.7360774818401917
2020-10-23,daytime,6,0.7073170731707327,0.11595885143860284,0.35365853658538055
2020-10-23,nighttime,6,0.9480257123538033,0.003981790102242162,1.2068965517241315
2020-10-24,daytime,6,-0.9472632681990782,0.0040984096010874245,-3.8790035587191034
2020-10-24,nighttime,6,0.5684166282616846,0.2392020429474788,0.4112149532710354
2020-10-25,daytime,6,0.8255929830036752,0.04297417182474959,0.3207547169811238
2020-10-25,nighttime,6,0.9729739573484586,0.001085740466988214,0.8636363636363686
2020-10-26,daytime,6,0.9070698984707534,0.012552733301766626,0.4839857651245755
2020-10-26,nighttime,6,-0.379126268691256,0.45855778156978394,-0.8662790697674305
2020-10-27,daytime,6,0.4605389300027263,0.35803086186446875,0.11267605633802887
2020-10-27,nighttime,6,0.44519456218399955,0.37632653676025407,0.10810810810811115
2020-10-28,daytime,6,0.7145896010104902,0.11056400725289726,0.5106382978723287
2020-10-28,nighttime,6,-0.6567895774291952,0.15647613094878285,-1.8333333333335828
2020-10-29,daytime,6,-0.40725134565349225,0.4228950443300503,-0.09999999999999194
2020-10-29,nighttime,6,0.7460038465922623,0.08857790916337274,0.1739130434782546
2020-10-30,daytime,6,0.6972919733100905,0.12357933056722854,4.682080924855415
2020-10-30,nighttime,6,0.8763093567554857,0.022002868057876046,0.1535836177474442
2020-10-31,daytime,6,-0.3378319623460933,0.5125305108538714,-0.43749999999994976
2020-10-31,nighttime,6,0.7827538759400846,0.06566725679951273,0.4304635761589339
2020-11-02,daytime,6,-0.9035079029052516,0.013516881521817415,-16.00000000000571
2020-11-02,nighttime,6,-0.5911174288320888,0.21659792796694616,-0.7520969245106919
2020-11-03,daytime,6,0.10143955645703868,0.8483625710013294,0.3348416289591689
2020-11-03,nighttime,6,-0.7804900381564632,0.06698843260648364,-1.8737864077669113
2020-11-05,daytime,6,0.7393734771245389,0.09303759400963697,0.12650287506533792
2020-11-05,nighttime,6,0.521203429225829,0.2889880975553642,0.17577548005908167
2020-11-06,daytime,6,0.7047811134745672,0.11786650483616212,0.15522388059700673
2020-11-06,nighttime,6,-0.6,0.2079999999999999,-0.4500000000000037
2020-11-07,daytime,6,0.9138078502767654,0.010823465535416367,0.3209618400418169
2020-11-07,nighttime,6,0.5590169943749511,0.24882091380866042,1.8749999999996394
2020-11-08,daytime,6,0.9083610336937498,0.012211771938167209,0.547396528704933
2020-11-08,nighttime,6,0.49445138605818384,0.31876519560913724,2.3225806451613584
2020-11-09,daytime,6,0.9111916759223956,0.011480165634457704,0.6486486486486551
2020-11-09,nighttime,6,-0.17149858514249794,0.7452741603030542,-0.05882352941171717
2020-11-10,daytime,6,0.8161520903665718,0.04759304618951846,0.8630393996247572
2020-11-10,nighttime,6,0.6726727939963177,0.14317922393681934,0.5128205128205465
2020-11-11,daytime,6,0.9444640447569045,0.004540720315291209,4.828125000000246
2020-11-11,nighttime,6,0.852802865422454,0.030905834747220275,1.9999999999996032
2020-11-12,daytime,6,0.22249707974498995,0.6717617338415494,0.09900990099010581
2020-11-12,nighttime,6,NA,NA,NA
2020-11-13,daytime,6,NA,NA,-1.1464154834484006e-14
2020-11-13,nighttime,6,-0.9160673748303518,0.01027138887520001,-0.3154362416107366
2020-11-14,daytime,6,NA,NA,-2.231368132119748e-14
2020-11-14,nighttime,6,-0.6680589920818489,0.14698981688845142,-0.2746478873239206
2020-11-15,daytime,6,-0.4559833243433436,0.36342922047117343,-0.20792079207923056
2020-11-15,nighttime,6,0.26967994498529946,0.6052866259760621,0.09090909090910568
2020-11-16,daytime,6,0.21957751641341805,0.6759271119362678,0.30000000000003507
2020-11-16,nighttime,6,-0.9669875568304523,0.0016167432724512958,-0.46753246753242816
2020-11-17,daytime,6,NA,NA,-2.2151400002498606e-14
2020-11-17,nighttime,6,0.6314058010464005,0.1787536110538695,0.5339805825242616
2020-11-18,daytime,6,-0.11933281239031432,0.8218504501387388,-0.037542662116059555
2020-11-18,nighttime,6,-0.8338061466101464,0.039135425259988525,-0.15891032917136866
2020-11-19,daytime,6,0.7937507937511934,0.05942131244503412,0.34722222222221916
2020-11-19,nighttime,6,-0.7579367289598707,0.08080013721888228,-0.19148936170212041
2020-11-20,daytime,6,0.31394419208292174,0.5445550316863828,0.04330708661415869
2020-11-20,nighttime,6,-0.8396820740767015,0.03649252342854597,-0.20919540229883923
2020-11-21,daytime,6,-0.3690764736479324,0.4715226163578783,-0.2970297029703283
2020-11-21,nighttime,6,-0.6837311195774968,0.1342214508220045,-0.10556186152097291
2020-11-22,daytime,6,0.8966710738577288,0.015463685866886807,3.1282051282053
2020-11-22,nighttime,6,-0.8992006497783464,0.014728677154843325,-0.3549783549783374
2020-11-23,daytime,6,-0.9132938483219707,0.010951008559567935,-1.5384615384615226
2020-11-23,nighttime,6,NA,NA,NA
2020-11-24,daytime,6,0.49776913684422996,0.3150134480618315,0.8080614203454815
2020-11-24,nighttime,6,0.07582061093967137,0.8864870210293575,0.04700460829493665
2020-11-25,daytime,6,0.23190841426097414,0.6583735712609344,0.6857142857142142
2020-11-25,nighttime,6,0.7643160801573855,0.07677460835806801,0.6896265560165886
2020-11-26,daytime,6,-0.4934637712198223,0.3198851594713802,-0.3896103896103769
2020-11-26,nighttime,6,-0.5872801368884136,0.22035565500834053,-0.2122448979591635
2020-11-27,daytime,6,0.7001400420140003,0.12139288845301699,0.09803921568626628
2020-11-27,nighttime,6,NA,NA,NA
2020-11-28,daytime,6,-0.0672767931935313,0.8992370632070292,-0.07920792079216453
2020-11-28,nighttime,6,NA,NA,NA
2020-11-29,daytime,6,-0.8106618640657911,0.05037960981444158,-7.61538461538427
2020-11-29,nighttime,6,0.8658604308514645,0.025783320944837103,2.6239999999999797
2020-11-30,daytime,6,0.5980891406442552,0.20983770773800423,2.6534653465349565
2020-11-30,nighttime,6,0.33944053916597666,0.5103943402830374,2.8214285714287586
2021-04-01,daytime,6,0.6640152027511496,0.1503647223517327,0.6814159292035362
2021-04-01,nighttime,6,0.581318358976173,0.2262452187420568,0.48275862068965364
2021-04-02,daytime,6,0.8732583987946863,0.023077197574323038,0.573684210526299
2021-04-02,nighttime,6,-0.18617148085142884,0.7239691137568675,-0.043902439024381554
2021-04-03,daytime,6,-0.7364853795464686,0.09501071107068668,-0.5625000000000184
2021-04-03,nighttime,6,0.3741047784209733,0.4650216345076818,0.06531204644413556
2021-04-04,daytime,6,0.5736887878946705,0.23387270815391079,0.07301270869673404
2021-04-04,nighttime,6,0.9349915306942908,0.006201785440988182,0.33038674033149285
2021-04-05,daytime,6,-0.4962518897386771,0.31672713396454055,-0.08524590163935099
2021-04-05,nighttime,6,0.8333559974569834,0.039341464770596184,0.6387872451646665
2021-04-06,daytime,6,0.2929767804003561,0.5731087180673011,0.030201342281877798
2021-04-06,nighttime,6,-0.168424526271405,0.7497520447914572,-0.13610038610038194
2021-04-07,daytime,6,0.817775031795736,0.046783432962958414,0.3099630996309979
2021-04-07,nighttime,6,0.01702870875771886,0.9744594058296969,0.025540275049151
2021-04-08,daytime,6,-0.7414702014287936,0.0916167221557229,-0.06467977171846165
2021-04-08,nighttime,6,0.31577430052588307,0.5420820151810755,0.09794856977752417
2021-04-09,daytime,6,-0.048256463923811686,0.9276714911977471,-0.02002670226972021
2021-04-09,nighttime,6,0.8440399593478475,0.03458855172275793,1.0769230769230478
2021-04-10,daytime,6,0.4334361862984605,0.3905598828660587,0.24657534246574309
2021-04-10,nighttime,6,0.904898871697444,0.01313627892437783,0.23845397969210855
2021-04-11,daytime,6,-0.5608799845235972,0.24690261874834188,-0.16346153846155212
2021-04-11,nighttime,6,0.3046758513965622,0.55712735257296,0.18969072164951584
2021-04-12,daytime,6,0.8123507723610505,0.049514574821682346,0.6273062730627343
2021-04-12,nighttime,6,0.29984705581468307,0.5637087793375346,0.021406727828753386
2021-04-13,daytime,6,0.706085075096845,0.11688390975629749,0.13675297824160418
2021-04-13,nighttime,6,0.24511243707547944,0.6396945350866453,0.1201602136181579
2021-04-14,daytime,6,0.7524435306441373,0.08434065750701254,0.19108280254776674
2021-04-14,nighttime,6,-0.6686716541297173,0.14648134926699902,-0.31277533039646205
2021-04-15,daytime,6,-0.34759766740717585,0.49960259322412187,-0.11860718171927422
2021-04-15,nighttime,6,0.8032958644825909,0.05423328634765695,0.224199288256236
2021-04-16,daytime,6,0.5877806914834338,0.2198640042848184,0.6248153618906933
2021-04-16,nighttime,6,0.8703725898979179,0.024115816283904107,0.9761904761904912
2021-04-17,daytime,6,-0.4967580809007872,0.3161550244798499,-0.8762376237624168
2021-04-17,nighttime,6,0.15906748418757674,0.7634111734065644,0.021359223300978707
2021-04-18,daytime,6,0.9625235469706696,0.002080409248198833,0.2626879699248117
2021-04-18,nighttime,6,0.9508911485985817,0.0035583015291086673,0.5287817938420448
2021-04-19,daytime,6,0.6832593093826193,0.13459854578544128,0.46878039291966367
2021-04-19,nighttime,6,0.7916761642995711,0.06057772640351064,0.4556650246305584
2021-04-20,daytime,6,-0.5892327834454697,0.218440243411846,-1.025437201907782
2021-04-20,nighttime,6,-0.8109324047638965,0.050240575702902496,-1.4786967418546133
2021-04-21,daytime,6,0.610642275147172,0.19788595073849932,0.5212765957446635
2021-04-21,nighttime,6,0.2301585822274961,0.660858218836673,0.35000000000001746
2021-04-22,daytime,6,0.5962739550096947,0.21158947239572823,0.45967252880533394
2021-04-22,nighttime,6,-0.4184596245041112,0.408948472896854,-0.28247422680413253
2021-04-23,daytime,6,-0.11101562097791037,0.8341606727728681,-0.10090658257785456
2021-04-23,nighttime,6,0.9647755121562224,0.001839294167988625,0.890322580645173
2021-04-24,daytime,6,0,1,0
2021-04-24,nighttime,6,0.8661986608440458,0.025656488342291405,1.7857142857142811
2021-04-25,daytime,6,-0.8911644253027299,0.017123184866949182,-0.4668721109399115
2021-04-25,nighttime,6,NA,NA,NA
2021-04-26,daytime,6,-0.7974822798660169,0.05736716759015196,-1.4494382022472039
2021-04-26,nighttime,6,-0.8646129512999184,0.02625368062489168,-2.485714285714254
2021-04-27,daytime,6,-0.45515688175019403,0.3644115993407508,-2.4890510948904656
2021-04-27,nighttime,6,0.059391932654976214,0.9110168506185881,0.20253164556957223
2021-04-28,daytime,6,-0.05664226394544227,0.9151274680741538,-0.08467741935484085
2021-04-28,nighttime,6,-0.9408273553820659,0.005148509202329495,-3.583617747440205
2021-04-29,daytime,6,-0.6410744722523513,0.1701215563045479,-1.0163934426230015
2021-04-29,nighttime,6,-0.07515992380169072,0.8874724040338433,-0.8461538461539818
2021-04-30,daytime,6,-0.7282365230301223,0.10074748268373988,-0.5408299866131265
2021-04-30,nighttime,6,-0.956250611078325,0.002829145183781123,-16.40000000000045
2021-05-01,daytime,6,-0.6094971906108941,0.19896430228738257,-0.20062208398134626
2021-05-01,nighttime,6,0.8315131637046593,0.04019023452171364,5.045454545454507
2021-05-02,daytime,6,-0.5249487379777127,0.2849072639604127,-22.39999999998494
2021-05-02,nighttime,6,0.9583897879407064,0.0025610924580490866,1.523255813953489
2021-05-03,daytime,6,-0.6790980367898525,0.13794417257415748,-4.830344827586892
2021-05-03,nighttime,6,NA,NA,NA
2021-05-04,daytime,6,-0.012727627738374872,0.9809095892826059,-0.033613445378196494
2021-05-04,nighttime,6,0.3754671886544779,0.46326507495026936,13.6000000000131
2021-05-05,daytime,6,-0.3512707939136246,0.49476566636881975,-0.9137931034483319
2021-05-05,nighttime,6,0.23186944788008407,0.6584288778540697,0.6000000000000463
2021-05-06,daytime,6,0.9817079460448983,4.988386031880592e-4,1.079192546583859
2021-05-06,nighttime,6,-0.7494347866852925,0.08630878054684607,-2.7592592592591085
2021-05-07,daytime,6,0.6226004843942202,0.18676901064603815,0.7479406919275136
2021-05-07,nighttime,6,0.9060105903267663,0.012835862044462116,0.6224272533711778
2021-05-08,daytime,6,0.656767297893318,0.15649513457134323,2.266666666667
2021-05-08,nighttime,6,-0.6777634515592996,0.13902464926071267,-1.8042226487522866
2021-05-09,daytime,6,-0.5335957573192732,0.2755702385423913,-1.9596774193549493
2021-05-09,nighttime,6,0.9722903557529133,0.001141098506183557,1.1235294117647208
2021-05-10,daytime,6,0.9489051094890504,0.003849335349911224,0.4744525547445211
2021-05-10,nighttime,6,-0.9764246052256511,8.271472649149967e-4,-4.890160183066151
2021-05-11,daytime,6,0.842983172853341,0.035045857285613796,1.6823104693140933
2021-05-11,nighttime,6,-0.5963241878356816,0.2115409152802633,-28.999999999997158
2021-05-12,daytime,6,0.23727693958960852,0.6507639775211833,0.0876494023904579
2021-05-12,nighttime,6,-0.7371071061114899,0.09458439509457274,-4.416666666665805
2021-05-13,daytime,6,-0.31846877276312596,0.5384467679919144,-0.2688649334179015
2021-05-13,nighttime,6,-0.3895878028461452,0.4451838523104115,-0.5217391304346083
2021-05-14,daytime,6,-0.6406294493469381,0.17051494014126858,-0.1750000000000014
2021-05-14,nighttime,6,-0.48651404106728763,0.32780688076253833,-1.4376899696047096
2021-05-15,daytime,6,-0.886298757602724,0.018656995515272643,-0.9943360604153834
2021-05-15,nighttime,6,0.5113966563253426,0.29977691458591327,0.5056179775281124
2021-05-16,daytime,6,-0.30215071061351506,0.5605663664869327,-0.7000000000000052
2021-05-16,nighttime,6,0.9633326327849007,0.001992094166782598,1.1562499999999492
2021-05-17,daytime,6,0.5292799380063318,0.2802156068817714,0.9052369077306675
2021-05-17,nighttime,6,-0.3334744919955776,0.51833031693315,-1.0857142857141824
2021-05-18,daytime,6,0.6603065838601031,0.15348853917217173,0.4602272727273086
2021-05-18,nighttime,6,0.866766491606296,0.025444226459041375,3.4455445544555303
2021-05-19,daytime,6,0.08437375470230873,0.8737396933936763,0.08621815806661658
2021-05-19,nighttime,6,0.9105088008006912,0.01165465914821829,4.456521739130494
2021-05-20,daytime,6,-0.6976265539073946,0.12332159448441196,-1.0000000000000309
2021-05-20,nighttime,6,0.9285878443270463,0.007467453825259484,1.7854889589904117
2021-05-21,daytime,6,-0.34110125192277757,0.5081916983724748,-0.2859450726979047
2021-05-21,nighttime,6,0.9815879493778543,5.053845363718547e-4,1.4388489208632849
2021-05-22,daytime,6,0.4554064207918631,0.3641148779763139,0.363454618152738
2021-05-22,nighttime,6,0.9208899876390608,0.009140040268067003,0.9208899876390472
2021-05-23,daytime,6,0.8976676589966865,0.015172054591843306,1.8626349892008753
2021-05-23,nighttime,6,0.934052736943214,0.006380158564944358,1.6568914956011545
2021-05-24,daytime,6,0.7788669933046614,0.06794302933950007,1.5440000000000955
2021-05-24,nighttime,6,0.9535375458702029,0.003187988830182437,2.00172413793102
2021-05-25,daytime,6,-0.7698168018479349,0.07337840871208949,-0.3311688311688364
2021-05-25,nighttime,6,0.610341713143322,0.19816876433851574,1.5102040816326772
2021-05-26,daytime,6,0.018407332978641968,0.9723921190095013,0.026315789473690156
2021-05-26,nighttime,6,0.6268038709087183,0.1829245152607171,5.438914027149179
2021-05-27,daytime,6,0.9577224804731563,0.002643299806582541,1.0927062031356338
2021-05-27,nighttime,6,0.9145520925315942,0.01064007501478489,1.5714285714285525
2021-05-28,daytime,6,0.14565790581537155,0.7830582967666925,0.05672892302321535
2021-05-28,nighttime,6,0.9041811599721984,0.013332006788911855,0.985989492119087
2021-05-29,daytime,6,-0.4987811689220862,0.3138722982192335,-1.5604395604396517
2021-05-29,nighttime,6,-0.5208062462262509,0.28942215141775673,-1.1397260273972263
2021-05-30,daytime,6,-0.7169250889538066,0.10885551268718566,-12.999999999997343
2021-05-30,nighttime,6,0.543996777473941,0.2644979953053543,1.7402597402599291
2021-05-31,daytime,6,-0.13924561584186568,0.7924815166383403,-1.6442953020136115
2021-05-31,nighttime,6,0.9664767162105167,0.0016668789239476427,2.0921501706484853
2021-06-01,daytime,6,-0.7355082788743621,0.09568243151449055,-1.134228187919456
2021-06-01,nighttime,6,0.9547085783124041,0.0030305158794291533,3.5369127516777707
2021-06-02,daytime,6,0.26946637183137767,0.6055837052641209,3.3809523809531026
2021-06-02,nighttime,6,NA,NA,NA
2021-06-03,daytime,6,0.4827525830310856,0.33212388381028807,4.079800498753387
2021-06-03,nighttime,6,NA,NA,NA
2021-06-04,daytime,6,0.5880353115659263,0.2196140828939784,1.84579439252333
2021-06-04,nighttime,6,0.894343282074277,0.016155272023589552,7.121951219511375
2021-06-05,daytime,6,0.851009395240802,0.03164363881565085,3.546666666666632
2021-06-05,nighttime,6,-0.39312752594206735,0.44068749355623493,-2.865384615385251
2021-06-06,daytime,6,0.4336471910782621,0.3903028658774167,0.3569321533923376
2021-06-06,nighttime,6,NA,NA,NA
2021-06-07,daytime,6,-0.8909099999086053,0.01720182241856476,-3.8835616438355762
2021-06-07,nighttime,6,0.9202169168084167,0.009294087305448529,4.153846153846133
2021-06-08,daytime,6,0.6541484586627399,0.15873571284682983,0.2885906040268213
2021-06-08,nighttime,6,0.9246100428913211,0.008311223549031984,0.6123778501628668
2021-06-09,daytime,6,0.9467971635633528,0.004170516281020249,0.5645863570391852
2021-06-09,nighttime,6,0.7833494518006362,0.06532167682878384,0.40909090909092927
2021-06-10,daytime,6,0.35791699479542366,0.4860499100878765,1.037037037036645
2021-06-10,nighttime,6,0.5375455551677429,0.2713449653681432,2.9333333333341787
2021-06-11,daytime,6,-0.6560977986412161,0.157066648864284,-2.156583629893212
2021-06-11,nighttime,6,0.7170065276242169,0.1087961487792107,11.200000000002232
2021-06-12,daytime,6,-0.4415011148241774,0.3807777404081126,-0.9200000000000118
2021-06-12,nighttime,6,0.8555771123177335,0.02978077156530206,3.062500000000084
2021-06-13,daytime,6,0.3697486341183343,0.4706519658983248,1.827411167512545
2021-06-13,nighttime,6,0.5828895000703516,0.22468706750576545,8.500000000003865
2021-06-14,daytime,6,-0.2281916220809054,0.6636536973634461,-0.7519685039370353
2021-06-14,nighttime,6,0.6158463695989186,0.19301547144212516,1.4285714285716546
2021-06-15,daytime,6,0.03949813824200105,0.9407836032174919,0.017765042979935034
2021-06-15,nighttime,6,-0.020967736003536984,0.9685530051848346,-0.021586616297867477
2021-06-16,daytime,6,0.8919366871590134,0.01688555500228104,1.5054054054054196
2021-06-16,nighttime,6,-0.5532450793789557,0.2548010404816316,-2.20610687022883
2021-06-17,daytime,6,0.9058516079987106,0.012878617680577567,3.266094420600806
2021-06-17,nighttime,6,0.9568427119187939,0.00275363593564712,3.6338028169012095
2021-06-18,daytime,6,0.4362281821679348,0.3871637535820163,0.578767123287662
2021-06-18,nighttime,6,0.7552776616068029,0.08250544349780926,2.4358974358971
2021-06-19,daytime,6,0.4844601503827898,0.3301615696786974,0.5399239543726619
2021-06-19,nighttime,6,0.5420982655069642,0.26650595389302695,1.1898066783831465
2021-06-20,daytime,6,-0.5197191965064364,0.2906113728357547,-2.5000000000002185
2021-06-20,nighttime,6,0.8019269397646253,0.05496391182078715,9.999999999998286
2021-06-21,daytime,6,0.8350668007670616,0.038561104685862393,0.3486682808716611
2021-06-21,nighttime,6,0.9242618815512155,0.008387167011641135,0.34565434565435715
2021-06-22,daytime,6,-0.520952423615623,0.2892623755734191,-5.187500000000556
2021-06-22,nighttime,6,0.6898794977754937,0.12934921170126695,0.22482758620690535
2021-06-23,daytime,6,0.951818506230357,0.003426258895674961,1.3419243986254394
2021-06-23,nighttime,6,-0.8626157662974284,0.027015117114052474,-5.299999999999439
2021-06-24,daytime,6,0.9305517713152788,0.007067108336912775,2.173521850899777
2021-06-24,nighttime,6,0.9373605128186007,0.005762668585899377,3.9759999999996354
2021-06-25,daytime,6,0.6878041172994699,0.1309851197934109,1.4540816326530743
2021-06-25,nighttime,6,0.5112709289288971,0.299916196228866,3.3888888888895377
2021-06-26,daytime,6,-0.3123691061608876,0.5466859639490197,-1.5500000000000809
2021-06-26,nighttime,6,-0.3766932414416193,0.4616861086064317,-1.7613636363637877
2021-06-27,daytime,6,0.054026334349611745,0.91903934571821,0.2277227722770901
2021-06-27,nighttime,6,NA,NA,NA
2021-06-28,daytime,6,0.9638207515528463,0.0019397288304201046,4.604477611940311
2021-06-28,nighttime,6,-0.5176744410445071,0.29285330384739444,-1.7184466019414242
2021-06-29,daytime,6,-0.4480179414733826,0.3729361853944541,-0.9456384323641372
2021-06-29,nighttime,6,0.7552973173727523,0.08249277906742207,5.038461538461713
2021-06-30,daytime,6,-0.05908767591457775,0.9114716341085637,-0.17391304347842854
2021-06-30,nighttime,6,-0.6946733962824796,0.12560456762134095,-10.700000000005726
2021-07-01,daytime,6,0.06325485690589315,0.9052442615779943,0.022822713164140383
2021-07-01,nighttime,6,0.623413612406419,0.18602272725008284,4.272727272726085
2021-07-02,daytime,6,0.9078607845485204,0.012343338380730236,4.000000000000047
2021-07-02,nighttime,6,NA,NA,NA
2021-07-03,daytime,6,-0.2597110673727763,0.6191921337183793,-0.3072429906542204
2021-07-03,nighttime,6,0.8663331051278803,0.025606155746362002,4.571428571428881
2021-07-04,daytime,6,0.7286139900738805,0.10048171004420604,0.9013539651837373
2021-07-04,nighttime,6,0.8706437061273429,0.024017313430666473,4.921052631578961
2021-07-05,daytime,6,0.8452041208912248,0.034088055107266584,3.44565217391293
2021-07-05,nighttime,6,0.9445598491097245,0.004525214785847809,2.2304832713754097
2021-07-06,daytime,6,0.6508525124450014,0.161574720012343,1.3304401735896003
2021-07-06,nighttime,6,0.8911341959570512,0.01713251906493478,4.106382978723314
2021-07-07,daytime,6,-0.7552992748180897,0.0824915179113746,-1.2622690244387131
2021-07-07,nighttime,6,0.30304759314774776,0.559344229026876,2.1666666666674983
2021-07-08,daytime,6,0.30550504633038833,0.5559993326665023,2.1000000000006267
2021-07-08,nighttime,6,0.4457893447634326,0.3756114264919172,3.333333333333225
2021-07-09,daytime,6,-0.9271567812055193,0.007765943827456146,-1.1621101270697238
2021-07-09,nighttime,6,-0.45026077748992,0.3702505908398572,-7.100000000000302
2021-07-10,daytime,6,-0.6724419126461088,0.14336889294363822,-0.7687028140013845
2021-07-10,nighttime,6,0.9181754506742805,0.009768967120435379,3.6209677419354573
2021-07-11,daytime,6,-0.13132872445563767,0.8041394419286236,-0.5127478753542151
2021-07-11,nighttime,6,-0.6764533094318899,0.14008885956145448,-2.772727272727145
2021-07-12,daytime,6,-0.2946161984840505,0.5708618544371129,-0.2617449664429462
2021-07-12,nighttime,6,0.8542304170193965,0.03032444471625479,9.333333333333496
2021-07-13,daytime,6,0.13882211489500382,0.793104488375098,0.06465833945627857
2021-07-13,nighttime,6,0.8987118966772898,0.01486934831208481,9.098039215686207
2021-07-14,daytime,6,0.5503332072205598,0.25783897356130425,0.46551724137929673
2021-07-14,nighttime,6,-0.2994930235645318,0.564192138430559,-3.666666666666181
2021-07-15,daytime,6,-0.8685665908687354,0.02477687250069773,-5.041935483871002
2021-07-15,nighttime,6,0.4038744140515922,0.42712727402511763,1.910891089108902
2021-07-16,daytime,6,0.8297626590101134,0.04100432529802392,2.9360000000000284
2021-07-16,nighttime,6,0.8901593334499543,0.017434845757497184,4.416666666666588
2021-07-17,daytime,6,-0.7892005180406653,0.0619710450653808,-2.706896551724118
2021-07-17,nighttime,6,0.3418817293789085,0.5071575069992351,0.4285714285713214
2021-07-18,daytime,6,0.9073139468655748,0.012487937424101005,12.522058823529502
2021-07-18,nighttime,6,0.2138473561914619,0.6841186594765876,1.3478260869572394
2021-07-19,daytime,6,-0.7935305955590656,0.059543566848070016,-1.7714285714286084
2021-07-19,nighttime,6,0.5872546595733537,0.2203806909417674,16.79999999999447
2021-07-20,daytime,6,-0.26555022375137877,0.611037556492237,-2.4117647058824496
2021-07-20,nighttime,6,-0.8950794897672159,0.015934971268354966,-6.205882352940946
2021-07-21,daytime,6,0.285461947901256,0.5834380145015559,0.40540540540550046
2021-07-21,nighttime,6,-0.9029851645904284,0.013661271522741764,-3.9801324503309554
2021-07-22,daytime,6,0.84165997785225,0.03562242803085498,3.8366972477066534
2021-07-22,nighttime,6,0.935287870278918,0.006145993409621149,4.7818181818175916
2021-07-23,daytime,6,0.5414323006343533,0.26721170051804427,1.3279999999999934
2021-07-23,nighttime,6,0.13581487266193876,0.7975302898225671,0.9360000000001051
2021-07-24,daytime,6,-0.7935594717600752,0.059527528156513736,-1.4916666666667433
2021-07-24,nighttime,6,0.9255930949200487,0.00809860855488902,5.065789473684029
2021-07-25,daytime,6,-0.23266578311684585,0.657298816394984,-0.9807692307694138
2021-07-25,nighttime,6,0.8804969120272252,0.020568170967799025,7.642857142857314
2021-07-26,daytime,6,-0.417118215795255,0.4106093761889215,-2.2467532467534888
2021-07-26,nighttime,6,-0.6913369758097822,0.12820568882177466,-5.817518248175058
2021-07-27,daytime,6,0.8806149669093067,0.020528394517451396,0.8931872646354239
2021-07-27,nighttime,6,0.9069232209011358,0.012591754794906046,2.2340425531914465
2021-07-28,daytime,6,0.3675565044118357,0.473493277990796,0.17041522491349495
2021-07-28,nighttime,6,-0.7556426305052403,0.08227043274847558,-0.980769230769192
2021-07-29,daytime,6,-0.24639978090234374,0.6378801453654013,-0.4303405572755536
2021-07-29,nighttime,6,0.8126770319988799,0.04934826993374563,0.5956151035322836
2021-07-30,daytime,6,0.4112669576000618,0.41788051516227104,7.750000000001248
2021-07-30,nighttime,6,0.7546282670212768,0.08292434780057964,5.58152173913031
2021-07-31,daytime,6,0.2823885213169242,0.5876765110590958,0.9184100418410145
2021-07-31,nighttime,6,0.18164975363768815,0.7305222846708236,1.3999999999998836
2021-08-01,daytime,6,0.6497817737192025,0.16250158494268624,0.7341772151898674
2021-08-01,nighttime,6,-0.663426495548772,0.15085877244646018,-1.3505557224391358
2021-08-02,daytime,6,0.1690527861052353,0.7488364874844935,0.34536423841067726
2021-08-02,nighttime,6,-0.8654938374708089,0.025921125094791275,-2.6585623678646315
2021-08-03,daytime,6,-0.5780646510036561,0.2294857014173541,-8.206896551724823
2021-08-03,nighttime,6,0.9792625080489719,6.406063460676216e-4,3.3725834797889105
2021-08-04,daytime,6,-0.8763324733775959,0.021994821335541252,-11.863636363636795
2021-08-04,nighttime,6,0.9646576369031907,0.0018515511779893282,3.5400000000000236
2021-08-05,daytime,6,-0.7687213658687259,0.07404918520259379,-1.9364691508858167
2021-08-05,nighttime,6,0.7153181629578717,0.1100297809331765,6.237623762376221
2021-08-06,daytime,6,-0.9010191535268391,0.014210943983915142,-4.346153846153793
2021-08-06,nighttime,6,-0.9382840626157943,0.005595751803004209,-3.6654411764705253
2021-08-07,daytime,6,0.5683137701898588,0.23930648930213233,7.405204460966105
2021-08-07,nighttime,6,0.7762267319821642,0.06950904870792309,5.357142857143147
2021-08-08,daytime,6,0.8214450897096182,0.04497645301522336,4.849650349650472
2021-08-08,nighttime,6,0.7511103059983218,0.08521024924981857,3.0779220779222025
2021-08-09,daytime,6,-0.29646641208830704,0.5683289442484296,-5.28571428571427
2021-08-09,nighttime,6,-0.4203071852021798,0.40666456286425207,-1.3684210526314662
2021-08-10,daytime,6,-0.5123896496314919,0.29867772265484793,-0.7405063291139238
2021-08-10,nighttime,6,NA,NA,NA
2021-08-11,daytime,6,-0.18873845087639238,0.720253963375751,-0.3234750462107337
2021-08-11,nighttime,6,-0.7272325120904884,0.10145591639903462,-10.900000000002054
2021-08-12,daytime,6,-0.9830217905578728,4.2994232789499425e-4,-1.0095857583019627
2021-08-12,nighttime,6,-0.6482976593143489,0.16378997566699902,-19.33333333331751
2021-08-13,daytime,6,-0.2727478552652725,0.6010232634864423,-0.3106343283581981
2021-08-13,nighttime,6,-0.27889942840596177,0.5924979382333506,-0.6136363636363383
2021-08-14,daytime,6,-0.8780075100519499,0.021415495064686343,-1.2460136674259783
2021-08-14,nighttime,6,0.7763697875947053,0.06942378162386392,5.000000000000182
2021-08-15,daytime,6,-0.7002438032437891,0.12131355293776984,-0.4788310228550106
2021-08-15,nighttime,6,0.6936043085911966,0.12643552323230275,0.45911949685532955
2021-08-16,daytime,6,0.2889681833781433,0.5786125238374887,0.5824175824176256
2021-08-16,nighttime,6,-0.25053664480255533,0.6320579513190465,-0.2765957446808578
2021-08-17,daytime,6,-0.34328095612417725,0.5053049912481518,-0.44285714285724764
2021-08-17,nighttime,6,-0.6062501686727179,0.20203511830198034,-1.7999999999999055
2021-08-18,daytime,6,0.4530893670958243,0.36687330168198257,0.3328112764291254
2021-08-18,nighttime,6,-0.11760176517898983,0.8244105787380676,-0.30188679245281247
2021-08-19,daytime,6,-0.04265738803302166,0.9360527287672696,-0.03069466882068074
2021-08-19,nighttime,6,-0.15067474234165196,0.7756982616325264,-0.24738675958187026
2021-08-20,daytime,6,0.6930106147754355,0.12689800305690352,0.13994439295643926
2021-08-20,nighttime,6,-0.8776803284404114,0.02152807337134265,-1.7034220532319102
2021-08-21,daytime,6,0.6705228068437687,0.1449495964876779,0.2380602498163098
2021-08-21,nighttime,6,0.799954162673913,0.056024754677311404,0.8651522474625385
2021-08-22,daytime,6,-0.9470989603460378,0.004123757686052287,-3.5812917594654645
2021-08-22,nighttime,6,0.09667364890457796,0.8554412726660517,0.22222222222229304
2021-08-23,daytime,6,-0.3013616740078195,0.5616421506119511,-0.04615384615385023
2021-08-23,nighttime,6,-0.7457715291317737,0.08873251116643495,-2.014545454545297
2021-08-24,daytime,6,-0.35146919418944594,0.49450480796286517,-0.13832853025936998
2021-08-24,nighttime,6,-0.7723860781520483,0.07181602400999788,-1.5918367346938262
2021-08-25,daytime,6,-0.0873401055418424,0.8693229696903433,-0.1309523809523332
2021-08-25,nighttime,6,-0.6096928196467554,0.19877990414039962,-1.6283185840706607
2021-08-26,daytime,6,-0.948117377589525,0.003967880771948705,-2.0566037735849427
2021-08-26,nighttime,6,0.02074696734639335,0.9688840141080133,0.02912621359221975
2021-08-27,daytime,6,-0.29170992544014845,0.5748465933064102,-0.06643356643357477
2021-08-27,nighttime,6,0.6395849167010244,0.17143976313619375,1.096013018714316
2021-08-28,daytime,6,-0.19410751703007553,0.7124954895858584,-0.0848527349228601
2021-08-28,nighttime,6,0.0414891404695205,0.9378019979363201,0.10491071428560125
2021-08-29,daytime,6,0.7860345921367273,0.06377399753129223,0.5704107292539845
2021-08-29,nighttime,6,0.580541570297517,0.22701717617486908,0.622799664710831
2021-08-30,daytime,6,-0.4048155111728388,0.42594642524473697,-0.3277511961722945
2021-08-30,nighttime,6,-0.8032821914557245,0.05424056162997565,-1.3051747014595299
2021-08-31,daytime,6,0.700621060294054,0.1210252939965083,0.4329199549041735
2021-08-31,nighttime,6,0.9671375683785969,0.0016021644005648648,2.766612641815139
2021-09-01,daytime,6,-0.0532657250974901,0.9201769761093258,-0.04352166101018859
2021-09-01,nighttime,6,0.9224442719983199,0.008789091795727028,2.61352657004822
2021-09-02,daytime,6,-0.7009047852320694,0.1208086992359438,-5.332317073170716
2021-09-02,nighttime,6,0.5538565769292223,0.25416485544572215,3.259999999999528
2021-09-03,daytime,6,-0.6421101475621693,0.16920753263071847,-2.4107142857143273
2021-09-03,nighttime,6,0.020505556658194663,0.9692459760789359,0.02844311377245784
2021-09-09,daytime,6,-0.401092176252255,0.430624574282939,-1.0000000000000453
2021-09-09,nighttime,6,-0.1416355233898914,0.7889673632270059,-1.545454545453718
2021-09-10,daytime,6,-0.5005918900017375,0.3118343866020556,-1.724489795918342
2021-09-10,nighttime,6,-0.3759406400179844,0.46265514184500733,-1.506849315068423
2021-09-11,daytime,6,-0.33127220070055147,0.521268815117971,-1.2770731707317122
2021-09-11,nighttime,6,-0.5934940643935783,0.21428365497145535,-1.0157480314960308
2021-09-12,daytime,6,0.5137423028714407,0.2971828450588386,3.274314214463703
2021-09-12,nighttime,6,0.9888440725454996,1.859878721559393e-4,3.09900990099
2021-09-13,daytime,6,0.3673134351311112,0.4738086572972815,0.7756539235412213
2021-09-13,nighttime,6,0.8468374228207294,0.03339165935036881,2.750000000000007
2021-09-14,daytime,6,-0.7464421892213301,0.08828653107581542,-5.2222222222222205
2021-09-14,nighttime,6,-0.9680857181008822,0.0015115293943379494,-2.430879712746712
2021-09-15,daytime,6,-0.8885894196570643,0.017927044375369294,-9.10410094637226
2021-09-15,nighttime,6,-0.4890130368309581,0.32495020544831227,-7.000000000000161
2021-09-16,daytime,6,0.5083094969042276,0.30320388866283093,4.8448275862065335
2021-09-16,nighttime,6,0.04658368706675795,0.9301750136296921,0.09779179810722494
2021-09-17,daytime,6,0.34050353737997746,0.5089841366860033,2.486956521739543
2021-09-17,nighttime,6,-0.36388706091786954,0.47826124162189565,-1.6551724137924209
2021-09-18,daytime,6,0.8781510336324297,0.02136619971142621,10.691803278688534
2021-09-18,nighttime,6,-0.9243367255520296,0.008370813133768676,-2.1688574317491662
2021-09-19,daytime,6,0.29958759823307873,0.5640630049106257,3.015817223197826
2021-09-19,nighttime,6,0.9617438749067324,0.0021673021461710673,9.935064935063233
2021-09-20,daytime,6,-0.8045858058790978,0.053548948582827396,-0.9421052631578927
2021-09-20,nighttime,6,0.23407526781290616,0.6552997343158997,4.352941176473414
2021-09-21,daytime,6,-0.4453632737393755,0.3761236459267796,-5.83333333333332
2021-09-21,nighttime,6,0.48573814345994604,0.3286956885867913,3.2758620689654045
2021-09-22,daytime,6,-0.47601112260174044,0.3399121843576386,-0.6679742224713049
2021-09-22,nighttime,6,NA,NA,NA
2021-09-23,daytime,6,0.38256742736485777,0.45414472944124157,0.27258064516129016
2021-09-23,nighttime,6,-0.8420019789264408,0.03547298009669264,-3.9285714285713262
2021-09-24,daytime,6,0.9901562655292551,0.00014487173794936901,1.9597780859916742
2021-09-24,nighttime,6,0.9933992677987826,6.52107025409468e-5,11.99999999999992
2021-09-25,daytime,6,0.3471624103073898,0.5001766932643957,0.33478260869565046
2021-09-25,nighttime,6,0.9538302333263601,0.003148262201549071,7.571428571428338
2021-09-26,daytime,6,0.3887400170133323,0.44626293708236486,0.5874855156431025
2021-09-26,nighttime,6,-0.25190681050631103,0.6301324146643765,-1.4107142857140975
2021-09-27,daytime,6,0.6632796475762662,0.15098211652736457,9.571428571428463
2021-09-27,nighttime,6,-0.892728647237859,0.016643521280491114,-2.431668237511702
2021-09-28,daytime,6,-0.728231132681638,0.10075128025560429,-0.5048840048840104
2021-09-28,nighttime,6,0.429391033196939,0.39549829234101364,8.333333333337633
2021-09-29,daytime,6,-0.9449897304192982,0.004455960532088445,-3.4076655052264866
2021-09-29,nighttime,6,0.3301930873347911,0.5227104282724964,10.000000000002846
2021-09-30,daytime,6,0.6378427280531507,0.17298694268571205,3.8014425116672914
2021-09-30,nighttime,6,0.9478061057241927,0.00401521052827459,54.000000000000604
2021-10-01,daytime,6,0.09179140642045792,0.862699592065246,0.589285714285492
2021-10-01,nighttime,6,-0.2900428078637495,0.5771356892135702,-0.9393939393939266
2021-10-02,daytime,6,-0.6123347008299883,0.19629655589389,-2.461170408538896
2021-10-02,nighttime,6,-0.8758680306276497,0.022156759748273844,-4.9020452099029
2021-10-03,daytime,6,-0.42505970621769135,0.4008094320995057,-3.170212765957835
2021-10-03,nighttime,6,0.032195711816776225,0.951723118730484,0.5750000000025466
2021-10-04,daytime,6,-0.7349487772052995,0.0960680168332945,-4.047861507128246
2021-10-04,nighttime,6,-0.8260181342228254,0.04277134589072869,-14.92857142857141
2021-10-06,daytime,6,-0.4339529613812264,0.3899305213594151,-1.008236101578658
2021-10-06,nighttime,6,-0.8163679886628252,0.04748497196805201,-3.67999999999978
2021-10-07,daytime,6,-0.9233571079499291,0.008586094085758061,-3.653179190751499
2021-10-07,nighttime,6,NA,NA,NA
2021-10-08,daytime,6,-0.646618572181047,0.165252790719196,-3.2249999999999663
2021-10-08,nighttime,6,-0.6324555320336761,0.17780780835622095,-8.80000000000019
2021-10-09,daytime,6,0.08807881469416601,0.868223430290435,1.5283018867912022
2021-10-09,nighttime,6,NA,NA,NA
2021-10-10,daytime,6,-0.46272646469172785,0.3554488221800034,-3.461538461538152
2021-10-10,nighttime,6,0.6873714891037432,0.13132725709450638,10.200000000000744
2021-10-11,daytime,6,0.801269956367344,0.055316159932730105,1.944444444444507
2021-10-11,nighttime,6,0.5757120130761263,0.231840219306494,1.334801762114578
2021-10-12,daytime,6,0.9791173071718043,6.49576955665804e-4,0.807677832141517
2021-10-12,nighttime,6,0.5236784609230951,0.2862888714908445,0.5800000000000081
2021-10-13,daytime,6,0.9088702143703514,0.012078556810818533,0.46090356211990013
2021-10-13,nighttime,6,0.15414386325285115,0.7706154596944917,0.04752066115704206
2021-10-14,daytime,6,-0.38432083926596106,0.4519013169219665,-0.3243902439024509
2021-10-14,nighttime,6,0.11813367631422081,0.8236237966562382,0.07256894049347268
2021-10-15,daytime,6,0.08904833082944554,0.8667805628104768,0.23248407643311486
2021-10-15,nighttime,6,0.5632507098666223,0.24446996267293225,1.0076335877862166
2021-10-16,daytime,6,0.3141214384563927,0.5443153812813538,0.2973568281938289
2021-10-16,nighttime,6,-0.9094714942752973,0.01192215639678487,-0.7876254180601636
2021-10-17,daytime,6,0.953621004096635,0.0031766360202754155,0.6284916201117366
2021-10-17,nighttime,6,-0.8614228433635243,0.027474850405844596,-0.7359999999999389
2021-10-18,daytime,6,0.9097182774371638,0.01185825048842478,0.482193329564732
2021-10-18,nighttime,6,0.34582009621640825,0.5019484344280692,0.315944158706808
2021-10-19,daytime,6,0.740985170786251,0.09194454090577506,0.36475409836065786
2021-10-19,nighttime,6,-0.2702027335867184,0.6045595851876637,-0.22108345534406235
2021-10-20,daytime,6,0.946159197655006,0.004270210275434044,0.9770436730123159
2021-10-20,nighttime,6,0.8224872207138771,0.04446939654276817,1.4829268292682656
2021-10-21,daytime,6,-0.467392364253266,0.3499636984835188,-0.8360128617363145
2021-10-21,nighttime,6,0.5450043146345693,0.26343476289486384,0.4999999999999675
2021-10-22,daytime,6,-0.14479589988913147,0.7843240349151712,-0.5537757437070194
2021-10-22,nighttime,6,-0.30891149673913026,0.5513718974516967,-0.5652173913043491
2021-10-23,daytime,6,-0.21929233459493122,0.6763342866828066,-0.5617367706919568
2021-10-23,nighttime,6,NA,NA,NA
2021-10-24,daytime,6,-0.7659718512636587,0.07574499735500148,-2.77157360406091
2021-10-24,nighttime,6,0.9476834928714585,0.004033929794641938,2.0689655172413506
2021-10-25,daytime,6,-0.7924170258366638,0.06016358982861202,-0.9494949494949572
2021-10-25,nighttime,6,0.9431191251430205,0.004761133730659415,5.199999999999856
2021-10-26,daytime,6,0.8373782158681367,0.03751843178944681,4.692307692307776
2021-10-26,nighttime,6,0.28000000000000325,0.5909759999999955,0.46666666666663736
2021-10-27,daytime,6,-0.49641004261571486,0.3165483447695208,-4.382978723404646
2021-10-27,nighttime,6,0.9757812206856475,8.72721153534509e-4,2.0297029702970844
2021-10-28,daytime,6,-0.9485470269003323,0.0039030041435486576,-2.0595238095237787
2021-10-28,nighttime,6,0.0693637117370908,0.8961212980574158,0.16336633663374528
2021-10-29,daytime,6,-0.9595005084447714,0.0024270994127971444,-1.9809523809523828
2021-10-29,nighttime,6,0.5754727023663588,0.23208025755658182,1.324675324675374
2021-10-30,daytime,6,0.9735087537520692,0.0010433835970907095,2.627118644067744
2021-10-30,nighttime,6,NA,NA,NA
2021-10-31,daytime,6,-0.1871689321712859,0.7225250723340592,-0.21182266009852085
2021-10-31,nighttime,6,-0.2903442092539169,0.5767216596757017,-0.35922330097077215
2021-11-01,daytime,6,0.08650647541223767,0.870563966875564,0.1463414634146163
2021-11-01,nighttime,6,0.9079593845004515,0.01231735247024041,0.6500000000000061
2021-11-02,daytime,6,0.6692100677647522,0.14603512434871235,0.5327342747111685
2021-11-02,nighttime,6,0.559302425588012,0.2485266311973099,4.772727272726511
2021-11-03,daytime,6,-0.19778156841748035,0.7071960124514967,-0.15988823346786468
2021-11-03,nighttime,6,0.1865009616480593,0.7234920525130946,0.8000000000007481
2021-11-04,daytime,6,0.14646269832307854,0.7818768617667464,0.23596454200083827
2021-11-04,nighttime,6,0.4741046559307763,0.34212650640574954,1.1688311688309734
2021-11-05,daytime,6,0.9695842896464967,0.0013736041328851602,2.1620745542949815
2021-11-05,nighttime,6,NA,NA,NA
2021-11-06,daytime,6,0.8401582718676935,0.03628213870818885,2.374999999999973
2021-11-06,nighttime,6,-0.26318751621615993,0.61433391851433,-1.0754716981131083
2021-11-08,daytime,6,-0.81872330190634,0.04631337325110985,-1.5789473684211786
2021-11-08,nighttime,6,0.6237229489574967,0.18573914485784743,0.5503355704698346
2021-11-09,daytime,6,0.8444412389280148,0.03441564569027827,0.541941564561721
2021-11-09,nighttime,6,0.9109385966808504,0.011544685774768021,0.7426900584795513
2021-11-10,daytime,6,0.14321533686026305,0.7866457132961384,0.042662116040950035
2021-11-10,nighttime,6,0.20000000000000004,0.704,0.19999999999975634
2021-11-11,daytime,6,0.2771825397049403,0.5948741799239304,0.1023923444976046
2021-11-11,nighttime,6,-0.8562763360724391,0.02950032403278056,-4.04999999999997
2021-11-12,daytime,6,-0.23305364796299013,0.6567485663028836,-1.9009900990099897
2021-11-12,nighttime,6,-0.9033976960035646,0.013547261107538918,-3.123595505617915
2021-11-13,daytime,6,-0.11989084726087287,0.821025373553453,-0.25572519083971845
2021-11-13,nighttime,6,NA,NA,NA
2021-11-14,daytime,6,-0.4277276003336774,0.39753517423607737,-0.25358166189111997
2021-11-14,nighttime,6,0.7731603086724946,0.07134820891230878,6.285714285714303
2021-11-15,daytime,6,0.8437679001442321,0.034706010352967075,0.7957505140507248
2021-11-15,nighttime,6,-0.7916137343981011,0.060612683865193306,-0.5873786407766967
2021-11-16,daytime,6,0.9330481113721045,0.006573775311615164,0.3665594855305517
2021-11-16,nighttime,6,0.7907887840742135,0.06107548162881184,1.1304347826087047
2021-11-17,daytime,6,-0.03493749595694696,0.947615078918383,-0.06896551724143099
2021-11-17,nighttime,6,-0.31211496444126924,0.5470300101721853,-0.2987012987012975
2021-11-18,daytime,6,-0.29781167876506337,0.5664892081834494,-0.045454545454550035
2021-11-18,nighttime,6,-0.8469676392950262,0.03333643009643889,-1.2660550458715305
2021-11-19,daytime,6,-0.9582135289804864,0.0025826818704858243,-2.7757166947723335
2021-11-19,nighttime,6,-0.7790795150688099,0.06781768379085605,-0.7192118226600924
2021-11-20,daytime,6,0.1698415551216792,0.7476873051317359,0.16666666666666966
2021-11-20,nighttime,6,NA,NA,NA
2021-11-21,daytime,6,0.27416805711639236,0.599052263519843,0.13686455741201634
2021-11-21,nighttime,6,0.8646754023342342,0.026230037558175774,2.6666666666663805
2021-11-22,daytime,6,-0.25646015690655805,0.6237436892632644,-0.14093959731548109
2021-11-22,nighttime,6,-0.41251707421449607,0.4163234733476075,-0.5140562248995998
2021-11-23,daytime,6,0.09284766908853007,0.8611287018374141,0.20689655172430152
2021-11-23,nighttime,6,-0.9179883671144933,0.009813060546891832,-4.842105263157657
2021-11-24,daytime,6,0.5771254084888705,0.23042454556383557,0.14078374455731724
2021-11-24,nighttime,6,0.8697650418763531,0.02433724951624482,3.2421052631579244
2021-11-25,daytime,6,0.8994040406095691,0.014670327796693377,0.38302828618968504
2021-11-25,nighttime,6,-0.3875185782180927,0.44781909076432336,-0.9999999999999685
2021-11-26,daytime,6,0.29264800522998835,0.573559597488885,0.8435013262598924
2021-11-26,nighttime,6,0.9553170046101167,0.0029502487497451366,0.7948717948718242
2021-11-27,daytime,6,0.8909186123643609,0.017199157659741383,0.38891294932871817
2021-11-27,nighttime,6,-0.8312100278926803,0.04033066425826133,-2.176470588235146
2021-11-28,daytime,6,0.9057101594184417,0.01291671565103481,0.916869227029653
2021-11-28,nighttime,6,-0.7155417527999325,0.10986605951688387,-3.2000000000002196
2021-11-29,daytime,6,-0.17770466332772328,0.7362488681135895,-0.15789473684212568
2021-11-29,nighttime,6,0.3114549279887445,0.5479238217455531,0.2216905901116375
2021-11-30,daytime,6,0.7075693588274891,0.11576981729362074,0.2873711340206128
2021-11-30,nighttime,6,0.5818547655770682,0.2257127624700779,4.053691275167732
2022-04-01,daytime,6,0.18705825802905768,0.7226852712460559,0.01749539594842924
2022-04-01,nighttime,6,-0.9079593845004523,0.012317352470240218,-1.2682926829267895
2022-04-02,daytime,6,-0.860072955574963,0.027999510418659147,-0.6227929373996834
2022-04-02,nighttime,6,-0.23488808780588527,0.6541475396789209,-0.13793103448274469
2022-04-03,daytime,6,0.9526299690985434,0.003312732465620414,0.07484567901234179
2022-04-03,nighttime,6,0.9305156305038698,0.007074378442306419,0.6327433628318636
2022-04-04,daytime,6,-0.9801626862848197,5.863753430706873e-4,-0.3540241977906386
2022-04-04,nighttime,6,0.7727542973018764,0.07159336080730973,0.8581081081081149
2022-04-05,daytime,6,0.5821849972921358,0.22538521247668422,2.8991596638656425
2022-04-05,nighttime,6,-0.6804571584686965,0.1368475606323576,-3.2531645569619476
2022-04-06,daytime,6,-0.6572827001718566,0.1560557658837902,-0.595890410958926
2022-04-06,nighttime,6,-0.6242501208526915,0.18525627587106558,-4.810344827586166
2022-04-07,daytime,6,-0.7001607114686458,0.12137708284814626,-0.11893033075299185
2022-04-07,nighttime,6,0.16414948247817773,0.7559872845023758,0.09446254071662498
2022-04-08,daytime,6,0.5299438093076546,0.27949911260033805,0.8612440191387569
2022-04-08,nighttime,6,0.3423006720430723,0.5066026340333378,0.24050632911395234
2022-04-09,daytime,6,0.34973746789688565,0.4967830940563073,0.41114058355439
2022-04-09,nighttime,6,-0.5902405167841726,0.2174543618653197,-0.61497326203204306
2022-04-10,daytime,6,-0.4120816918460679,0.4168655304065077,-0.4150943396226592
2022-04-10,nighttime,6,-0.6765921202368851,0.13997594036939318,-0.36893203883492237
2022-04-11,daytime,6,-0.8274370387825077,0.04209767555329306,-1.1040462427745865
2022-04-11,nighttime,6,0.860568672428264,0.027806293812417674,1.857142857142849
2022-04-12,daytime,6,-0.6583307449524254,0.15516394754594975,-0.4273944387229693
2022-04-12,nighttime,6,-0.5996053280283368,0.20837902525142699,-0.3417721518987133
2022-04-13,daytime,6,-0.1470674622452848,0.7809892558232434,-0.08571428571430224
2022-04-13,nighttime,6,-0.2239570043823222,0.6696809700254455,-0.8275862068965267
2022-04-14,daytime,6,0.39751310411227814,0.43513719191893163,0.36807095343680707
2022-04-14,nighttime,6,0.09059076625180969,0.8644855756509782,0.3214285714284999
2022-04-15,daytime,6,0.42784149748235684,0.39739559321568263,0.05950331940004805
2022-04-15,nighttime,6,-0.48608408006065945,0.32829930212395314,-6.396226415094621
2022-04-16,daytime,6,-0.7514744111565972,0.08497236490537664,-1.013658536585383
2022-04-16,nighttime,6,-0.5281452275692481,0.2814418820357663,-0.2058823529411653
2022-04-17,daytime,6,0.1438191546887148,0.7857586420156941,0.06756756756755491
2022-04-17,nighttime,6,-0.41170555774200934,0.41733401124254027,-0.14956011730206986
2022-04-18,daytime,6,0.15316492181614,0.7720492030024415,0.3260869565217638
2022-04-18,nighttime,6,-0.3891606215549585,0.4457274753449933,-0.24748490945670434
2022-04-19,daytime,6,0.7415024828279014,0.0915949226235389,1.1186113789778294
2022-04-19,nighttime,6,0.8520024465400351,0.031234098127393344,0.19716024340771707
2022-04-20,daytime,6,-0.42776521465778694,0.39748907601936523,-0.48265895953757393
2022-04-20,nighttime,6,0.3625038715465236,0.48006233861898023,0.828124999999998
2022-04-21,daytime,6,0.7652735225763593,0.07617847287007085,1.801980198019816
2022-04-21,nighttime,6,-0.5543804535550513,0.2536203229029284,-0.1946472019464689
2022-04-22,daytime,6,0.6292115200264002,0.18073738567014955,0.19122426868905035
2022-04-22,nighttime,6,0.7021400206815763,0.11986769775185153,1.088709677419354
2022-04-23,daytime,6,-0.7065617021612345,0.11652564783878262,-0.6167664670658869
2022-04-23,nighttime,6,0.9470985736207735,0.004123817437382793,0.4484978540772475
2022-04-24,daytime,6,-0.7268376199001413,0.10173515651348713,-0.15321720583007617
2022-04-24,nighttime,6,0.5598934491288826,0.2479177143128912,0.2035162493340487
2022-04-25,daytime,6,-0.90207709245973,0.013913857452256985,-2.246153846153898
2022-04-25,nighttime,6,-0.46035004530739665,0.35825412098780357,-0.3647840531561206
2022-04-26,daytime,6,0.6957712895634813,0.12475370176660741,0.9834254143646461
2022-04-26,nighttime,6,0.9549862908539872,0.0029937468624044515,2.0656934306570145
2022-04-27,daytime,6,0.7540797839180479,0.08327890097346206,2.4349489795918586
2022-04-27,nighttime,6,0.6632723820825683,0.15098822024967332,0.4702702702702703
2022-04-28,daytime,6,-0.5541773784295362,0.25383135092144726,-0.9070533948583208
2022-04-28,nighttime,6,-0.36244626115491463,0.48013740022015833,-3.499999999999548
2022-04-29,daytime,6,-0.990630484210355,1.3127047448706626e-4,-1.2018181818181848
2022-04-29,nighttime,6,-0.9875424968675927,2.318174403204292e-4,-1.057692307692287
2022-04-30,daytime,6,-0.9695751948732844,0.001374421504574023,-0.5762955854126676
2022-04-30,nighttime,6,-0.8395436884904631,0.03655376947254895,-0.741165234001906
2022-05-01,daytime,6,-0.0333129432826238,0.9500490696319485,-0.09537741369227583
2022-05-01,nighttime,6,-0.7224248403129309,0.10487865272537465,-21.800000000000246
2022-05-02,daytime,6,-0.30478202384362996,0.5569828826189314,-0.5121495327102877
2022-05-02,nighttime,6,0.839063524248089,0.03676665228481614,1.1170046801871882
2022-05-03,daytime,6,-0.6565396697032079,0.15668934905936951,-0.4297108673978139
2022-05-03,nighttime,6,0.47192086633175573,0.3446692843629927,0.6368821292775876
2022-05-04,daytime,6,-0.16724372392071554,0.7514733563308408,-0.04587155963303931
2022-05-04,nighttime,6,0.8519509257964624,0.03125528364205876,3.4166666666666354
2022-05-05,daytime,6,-0.6712810167774463,0.1443241977410047,-3.9285714285713076
2022-05-05,nighttime,6,-0.9662404926596562,0.0016903185753479014,-1.3103448275861773
2022-05-06,daytime,6,-0.7805970908896797,0.06692568604334956,-0.953612845673533
2022-05-06,nighttime,6,0.14599042501491719,0.7825701243471288,0.2790697674417519
2022-05-07,daytime,6,-0.8686965166299572,0.02472903138844135,-6.552795031055684
2022-05-07,nighttime,6,-0.9549402840998237,0.002999822867649408,-4.987012987013426
2022-05-08,daytime,6,-0.19340755877298538,0.7135060101966253,-0.14962593516211053
2022-05-08,nighttime,6,-0.038124642583143596,0.942840742987627,-0.0058139534883548715
2022-05-09,daytime,6,-0.8885751110470209,0.017931560635389733,-2.494699646643154
2022-05-09,nighttime,6,0.663520519449431,0.15077982016749317,1.2396891811117126
2022-05-10,daytime,6,0.762212114205697,0.07809198838385997,3.727758007117433
2022-05-10,nighttime,6,0.6170423025035364,0.19190326054757018,0.4823825503355739
2022-05-11,daytime,6,-0.008527098476029692,0.9872096622946254,-0.014705882352962217
2022-05-11,nighttime,6,-0.7196433507754004,0.10688178075173098,-5.24390243902515
2022-05-12,daytime,6,-0.4824640754841069,0.332455850342625,-2.3103448275862077
2022-05-12,nighttime,6,0.033846891542855154,0.9492490503894102,0.05594405594401639
2022-05-13,daytime,6,0.9596325391438819,0.0024114078114431505,1.044680851063844
2022-05-13,nighttime,6,NA,NA,NA
2022-05-14,daytime,6,-0.3495898710760938,0.4969774204696093,-2.4146341463420598
2022-05-14,nighttime,6,-0.8852536525534973,0.01899466962057614,-16.899999999998492
2022-05-15,daytime,6,-0.8802141815454175,0.020663581523272766,-4.391188251001291
2022-05-15,nighttime,6,-0.8547260775916915,0.030123801139830986,-0.8173277661795074
2022-05-16,daytime,6,-0.1870737351019694,0.7226628680364582,-0.24060150375940642
2022-05-16,nighttime,6,-0.027149599207003158,0.959285607184289,-0.06818181818186894
2022-05-17,daytime,6,-0.490869637510423,0.32283379987059324,-1.4784688995216242
2022-05-17,nighttime,6,0.9078412990032072,0.012348476908601696,3.3333333333331416
2022-05-18,daytime,6,-0.13132395134255248,0.8041464781182429,-0.527343749999991
2022-05-18,nighttime,6,0.9990399538959658,1.3820903510696906e-6,3.2528735632183525
2022-05-19,daytime,6,0.6911893446737304,0.12832131837901647,4.842639593908637
2022-05-19,nighttime,6,0.744700878339064,0.08944656496516654,5.000000000000269
2022-05-20,daytime,6,-0.7366048447439129,0.09492872784659528,-1.1940298507462874
2022-05-20,nighttime,6,0.69737680284383885,0.12351396202062527,5.499999999999588
2022-05-21,daytime,6,-0.09055004173415125,0.8645461613327473,-0.773584905660696
2022-05-21,nighttime,6,0.9242582834034064,0.008387953620544173,3.375245579567766
2022-05-22,daytime,6,-0.5707827994135569,0.23680432233625934,-0.6378238341968866
2022-05-22,nighttime,6,0.957888799774386,0.0026226907611522515,6.670050761421376
2022-05-23,daytime,6,-0.6324461377445063,0.17781626330019715,-7.230769230769449
2022-05-23,nighttime,6,0.7441894702805996,0.08978854457763427,5.41176470588175
2022-05-24,daytime,6,0.48084755889805253,0.33431809552889447,0.13662667607621815
2022-05-24,nighttime,6,0.9552392362808864,0.002960449276832023,6.303999999999745
2022-05-25,daytime,6,0.4929992444354014,0.32041243638849004,0.7052631578947259
2022-05-25,nighttime,6,-0.2186297558387013,0.6772805048272641,-0.31432360742704296
2022-05-26,daytime,6,-0.4938750163494226,0.3194186282847579,-2.32807570977945
2022-05-26,nighttime,6,0.603476260253246,0.20467368710793132,0.14898419864559706
2022-05-27,daytime,6,0.8168913097788844,0.04722348201805095,0.26692456479690335
2022-05-27,nighttime,6,-0.262943773434065,0.6146742308929878,-0.21590909090908364
2022-05-28,daytime,6,-0.7492511231282761,0.08642958115571762,-0.37500000000000894
2022-05-28,nighttime,6,-0.9671039021569414,0.0016054305702992537,-2.277227722771959
2022-05-29,daytime,6,0.8125989668100073,0.04938803862218797,1.1533879374534455
2022-05-29,nighttime,6,-0.4941863108050685,0.31906565133245113,-0.7783505154638457
2022-05-30,daytime,6,-0.826176541923663,0.04269588920949626,-0.7301886792453088
2022-05-30,nighttime,6,0.9368319060471628,0.0058592852205766564,0.7884615384615505
2022-05-31,daytime,6,-0.82335626169482945,0.0440486072323072,-0.41834706049419657
2022-05-31,nighttime,6,-0.4179586594315085,0.40956849314003807,-0.3571428571428382
2022-06-01,daytime,6,-0.7765476996439254,0.06931780515821408,-0.531157270029682
2022-06-01,nighttime,6,-0.8303449219888597,0.0407326902935336,-0.5601965601965453
2022-06-02,daytime,6,-0.9262630752355293,0.007955242337517649,-0.756834532374102
2022-06-02,nighttime,6,-0.9148532788043807,0.010566290858303585,-0.4782608695652015
2022-06-03,daytime,6,0.051775471213722744,0.9224061904172268,0.03289745354438574
2022-06-03,nighttime,6,-0.694708802920771,0.1255770883022633,-4.750000000000282
2022-06-04,daytime,6,0.9214053185582065,0.009022941381830317,3.6278295605859037
2022-06-04,nighttime,6,0.7534254887115324,0.083702743849879635,5.187500000000433
2022-06-05,daytime,6,0.9608222099474657,0.0022722818701417045,0.8471196454948234
2022-06-05,nighttime,6,0.6019213673384497,0.20615881338880268,0.10021321961620545
2022-06-06,daytime,6,0.8790661931417455,0.021053150867423796,0.5787740164684377
2022-06-06,nighttime,6,0.5649699031759461,0.24271179701576048,1.3817034700316861
2022-06-07,daytime,6,-0.2728329878056236,0.6009050673336969,-0.22641509433958726
2022-06-07,nighttime,6,0.10979071877276583,0.8359756306087681,2.5000000000066147
2022-06-08,daytime,6,0.845314954169748,0.03404058471867414,0.9116766467065928
2022-06-08,nighttime,6,-0.5692571829729195,0.2383491852269891,-4.804878048781254
2022-06-09,daytime,6,-0.5792047427673174,0.2283481490155757,-0.5957628932163419
2022-06-09,nighttime,6,0.1207504046050969,0.8197547034023767,2.4999999999992624
2022-06-10,daytime,6,0.8892794454078072,0.017709897893078377,2.5955594253374126
2022-06-10,nighttime,6,0.9567596239283036,0.002764171267400906,5.337837837837678
2022-06-11,daytime,6,0.5516284922033076,0.2564858800808155,1.0090225563909556
2022-06-11,nighttime,6,-0.7036936687146028,0.11868869397804008,-1.124951190941005
2022-06-12,daytime,6,-0.6110154708476434,0.19753502283636776,-2.664418212479011
2022-06-12,nighttime,6,-0.7723969492257305,0.07180944573823969,-5.874999999999853
2022-06-13,daytime,6,-0.6792180867013949,0.13784715826114335,-1.1499999999999928
2022-06-13,nighttime,6,NA,NA,NA
2022-06-14,daytime,6,0.34757751746762466,0.49962916644651506,2.3602484472050316
2022-06-14,nighttime,6,0.8710027017869659,0.023887177358636543,4.430622009569432
2022-06-15,daytime,6,0.9902611439702388,1.4180613271007244e-4,2.792925079259136
2022-06-15,nighttime,6,-0.3481248944420333,0.498907450305167,-2.428571428570907
2022-06-16,daytime,6,-0.2544397769425859,0.6265764992893226,-1.6234866828087904
2022-06-16,nighttime,6,0.9359858843126301,0.006015551764941109,4.084832904884254
2022-06-17,daytime,6,0.9931086424621011,7.10725750014249e-5,1.9094260136914307
2022-06-17,nighttime,6,0.8392869090622532,0.036667541485149786,9.50943396226328
2022-06-18,daytime,6,0.9988541935443812,1.9685565017515073e-6,2.5749872902897915
2022-06-18,nighttime,6,0.6434939836876902,0.16798946897845113,29.39999999999012
2022-06-19,daytime,6,0.9928096168257348,7.736653809512886e-5,3.624644708242781
2022-06-19,nighttime,6,0.9806901618123313,5.557047480085927e-4,2.861630516080724
2022-06-20,daytime,6,0.97609865938147,8.500840168179891e-4,4.140969162995636
2022-06-20,nighttime,6,0.9331774643012365,0.006548687209381042,4.00970873786404
2022-06-21,daytime,6,0.4809320330753258,0.3342206868763364,1.6250000000002156
2022-06-21,nighttime,6,0.755152439448828,0.08258614609054853,10.285714285712732
2022-06-22,daytime,6,-0.959297209134295,0.0024513592698487624,-1.0921052631579096
2022-06-22,nighttime,6,0.754608571018597,0.08293706800228459,2.225969645868408
2022-06-23,daytime,6,0.9941378197614161,5.1447008351896e-5,5.5448449287510675
2022-06-23,nighttime,6,0.9025993188145702,0.013768324137646778,7.558823529411391
2022-06-24,daytime,6,0.9906483647831846,1.3077070718545505e-4,8.117241379310483
2022-06-24,nighttime,6,0.9009684843983616,0.014225248649408053,4.767857142857221
2022-06-25,daytime,6,0.8326252539349972,0.039677014785791685,1.2402343750000169
2022-06-25,nighttime,6,0.9028659994403936,0.013694290766349539,8.41666666666661
2022-06-26,daytime,6,0.8297341630679052,0.04101764077821554,4.7419354838712975
2022-06-26,nighttime,6,0.6534065542845926,0.15937290661363368,2.754385964911983
2022-06-27,daytime,6,NA,NA,NA
2022-06-27,nighttime,6,-0.8863950367840328,0.018626033693599,-2.0238095238094953
2022-06-28,daytime,6,-0.9078412990032019,0.012348476908603103,-1.9230769230769895
2022-06-28,nighttime,6,NA,NA,NA
2022-06-29,daytime,6,-0.5115401228047353,0.2996180110950976,-3.2079207920797232
2022-06-29,nighttime,6,NA,NA,NA
2022-06-30,daytime,6,0.8498313822628586,0.03213272338141319,1.5600814663951492
2022-06-30,nighttime,6,0.07934444314943408,0.8812330933597932,1.8000000000019023
2022-07-01,daytime,6,-0.9324219750027449,0.0066958768875664265,-2.3776867963151447
2022-07-01,nighttime,6,0.9010946636344991,0.014189639209467314,4.083333333333412
2022-07-02,daytime,6,0.992760903808211,7.841708985327577e-5,4.88681592039807
2022-07-02,nighttime,6,0.7242188755612416,0.10359554466413566,4.100000000000496
2022-07-03,daytime,6,0.9228447744607624,0.008699743458843839,3.577978837601632
2022-07-03,nighttime,6,0.9443845731192226,0.004553602197783306,2.795774647887198
2022-07-04,daytime,6,0.9547708943782359,0.0030222460356445742,6.42251223491029
2022-07-04,nighttime,6,0.8579069142420229,0.028851206212460546,6.224999999999415
2022-07-05,daytime,6,0.09900815133314979,0.8519730423469669,0.4375000000002252
2022-07-05,nighttime,6,0.3399593529178179,0.5097059232618036,8.200000000001573
2022-07-06,daytime,6,0.5861371790718164,0.2214799360514921,0.36796246648794134
2022-07-06,nighttime,6,0.46114881312665357,0.35731032499690885,4.000000000000863
2022-07-07,daytime,6,-0.2783524800095253,0.5932546694141723,-0.3272727272727304
2022-07-07,nighttime,6,0.9780875709063599,7.149711469236013e-4,2.2430555555555203
2022-07-08,daytime,6,-0.2595573994024553,0.619407097551537,-0.2383863080684717
2022-07-08,nighttime,6,0.9911859420762338,1.1618905404679267e-4,2.824542518837424
2022-07-09,daytime,6,0.8387111227765914,0.03692326022897915,0.31354091238233023
2022-07-09,nighttime,6,-0.6079466679476198,0.20042828426278644,-0.4427230746312895
2022-07-10,daytime,6,-0.2752754096351311,0.5975165961265512,-1.6894409937876171
2022-07-10,nighttime,6,-0.9104654680003257,0.011665774868067257,-2.9999999999999396
2022-07-12,daytime,6,0.11187145081812767,0.8328928717665222,0.1496062992125677
2022-07-12,nighttime,6,0.741893678682931,0.091330933522186,0.15946348733233864
2022-07-13,daytime,6,-0.004416787071762858,0.9933748624737145,-0.020408163265521837
2022-07-13,nighttime,6,-0.881311223996756,0.020294552413744945,-0.5467625899280327
2022-08-10,daytime,6,0.23423007569399593,0.6550802540822698,1.5182481751824877
2022-08-10,nighttime,6,-0.8942411039925967,0.01618596245790566,-0.49011857707509277
2022-08-11,daytime,6,-0.8823704429648077,0.019941265840269607,-0.6887417218543245
2022-08-11,nighttime,6,-0.3046365657046767,0.5571808116346519,-0.1469387755101959
2022-08-12,daytime,6,NA,NA,NA
2022-08-12,nighttime,6,0.8806721767742776,0.020509131935969427,1.4999999999999798
2022-08-13,daytime,6,-0.6642111641550712,0.15020042233101166,-7.50000000000116
2022-08-13,nighttime,6,0.21339931663178915,0.6847600494240342,0.22328931572630345
2022-08-14,daytime,6,0.43155658762485527,0.39285190283869625,0.24961479198767664
2022-08-14,nighttime,6,0.5262269536211941,0.2835195871439697,3.172897196261674
2022-08-15,daytime,6,0.3231409740723278,0.5321597435476995,0.29176201372997557
2022-08-15,nighttime,6,-0.6424548529976365,0.16890377483324762,-1.1509194673429912
2022-08-16,daytime,6,0.9299185357164862,0.007195017994602891,3.6153846153845914
2022-08-16,nighttime,6,-0.8826923729802074,0.01983447925322093,-1.1946902654867146
2022-08-17,daytime,6,-0.7744263141893524,0.0705862436582,-3.1746031746032615
2022-08-17,nighttime,6,-0.7302714135188999,0.09931841479148121,-3.5094339622638158
2022-08-18,daytime,6,-0.21329541751799055,0.6849088043152128,-0.23529411764704325
2022-08-18,nighttime,6,0.46116834180303007,0.35728726164671565,0.08149276466108027
2022-08-19,daytime,6,-0.6590796017965903,0.15452804739068107,-1.778523489932943
2022-08-19,nighttime,6,0.2756496398111832,0.5969978455245428,0.03279254401104404
2022-08-20,daytime,6,0.019893811723119208,0.9701632190400349,0.01432664756446521
2022-08-20,nighttime,6,-0.9346154058491465,0.006272953413049104,-7.684563758388798
2022-08-21,daytime,6,0.028095363412509348,0.9578680434109983,0.08293612964726763
2022-08-21,nighttime,6,0.9594032236002474,0.0024386936429249815,0.6749999999999595
2022-08-22,daytime,6,-0.4805784662419484,0.33462845959577814,-0.28227914270781046
2022-08-22,nighttime,6,-0.08467109817293798,0.873296864541745,-0.7679999999992109
2022-08-23,daytime,6,-0.9581869706598759,0.002585942659175472,-3.625000000000552
2022-08-23,nighttime,6,-0.8323458202889569,0.039805680493204605,-1.0988310308181857
2022-08-24,daytime,6,-0.5457387197964626,0.262660806493606,-0.5765509391007397
2022-08-24,nighttime,6,-0.6218887419256273,0.18742325670661097,-0.7563025210084138
2022-08-25,daytime,6,0.07595364183348483,0.8862886238475634,0.32673267326733446
2022-08-25,nighttime,6,0.8502445279513556,0.03196079148480556,6.2758620689643285
2022-08-26,daytime,6,0.7550956836887751,0.08262273547777096,0.9666666666666843
2022-08-26,nighttime,6,-0.6619973907546886,0.1520609626455741,-1.7821782178215595
2022-08-27,daytime,6,-0.1872315248006365,0.7224344736272279,-2.1000000000001093
2022-08-27,nighttime,6,0.9015684972180914,0.01405630146999573,6.928571428571242
2022-08-28,daytime,6,0.20659573859442926,0.6945153310240433,0.30569684638862527
2022-08-28,nighttime,6,-0.44374135730155156,0.3780757189112856,-0.3327402135230937
2022-08-29,daytime,6,0.39054170784261993,0.4439707006265663,0.1326285439692478
2022-08-29,nighttime,6,0.9839780984416769,3.8299557260096514e-4,3.3942307692307336
2022-08-30,daytime,6,0.3429934465727964,0.505685477156666,0.1058407079646012
2022-08-30,nighttime,6,0.7189103643676257,0.10741243442423805,2.116731517509595
2022-08-31,daytime,6,-0.9620404595971952,0.00213404160360109,-4.637931034482871
2022-08-31,nighttime,6,-0.8669359954791218,0.02538102636734515,-1.2565445026178
2022-09-01,daytime,6,0.9604369119703101,0.0023168940785735608,5.361842105263314
2022-09-01,nighttime,6,0.8190191742723101,0.04616716057430322,2.6008492569002284
2022-09-02,daytime,6,-0.249550114606068,0.6334452271885146,-2.9910714285722535
2022-09-02,nighttime,6,0.8224694969045501,0.04447799780151525,2.352499999999959
2022-09-03,daytime,6,0.24149148831042322,0.6448044346167783,2.416485900217026
2022-09-03,nighttime,6,0.6829576087916114,0.1348399196049711,2.7500000000000986
2022-09-04,daytime,6,-0.5192587866524291,0.29111561221380816,-2.2431421446384685
2022-09-04,nighttime,6,0.2816715160878112,0.5886664719610228,1.5999999999998722
2022-09-05,daytime,6,-0.7451561853989598,0.08914259186521134,-5.641509433962499
2022-09-05,nighttime,6,-0.9383046690964074,0.005592054886542725,-6.207207207206968
2022-09-06,daytime,6,0.8224719009762859,0.04447683107443149,0.49059561128526724
2022-09-06,nighttime,6,0.9046656310328468,0.013199732889092073,0.6329113924050377
2022-09-07,daytime,6,0.3657045419079533,0.4758978154741272,0.4973570398846406
2022-09-07,nighttime,6,-0.011293848786313464,0.9830599470914982,-0.008928571428577895
2022-09-08,daytime,6,-0.8560478769672012,0.029591817258601695,-11.67391304347708
2022-09-08,nighttime,6,-0.2555885312128129,0.624965427132013,-0.1517857142857069
2022-09-09,daytime,6,-0.29661014234448174,0.5681323072338427,-2.805555555556075
2022-09-09,nighttime,6,0.3993596420446119,0.4328070969274836,0.7265116279069564
2022-09-10,daytime,6,0.9655767965479224,0.0017570403970114188,0.786585365853654
2022-09-10,nighttime,6,-0.5941759110223067,0.21362155465317828,-0.45454545454545386
2022-09-11,daytime,6,0.968262629496178,0.0014949071269446635,0.881173944166075
2022-09-11,nighttime,6,0.012098347962398321,0.9818533634741398,0.008928571428587977
2022-09-12,daytime,6,0.9595777128236794,0.002417917724384181,0.5216216216216264
2022-09-12,nighttime,6,0.11416834431939822,0.8294915420735579,0.14598540145995878
2022-09-13,daytime,6,-0.9476970379875992,0.004031859765773325,-1.2250000000000467
2022-09-13,nighttime,6,0.055727821257549374,0.9164948019976162,0.04347826086953259
2022-09-14,daytime,6,0.8386592170224246,0.03694635365846628,0.7368421052632224
2022-09-14,nighttime,6,-0.7057743760434457,0.11711770918510872,-0.4921874999999785
2022-09-15,daytime,6,-0.48315788215773803,0.3316577365808546,-0.9944954128440916
2022-09-15,nighttime,6,0.757587293048514,0.0810233202186016,4.666666666666566
2022-09-16,daytime,6,-0.5954318290109615,0.21240417785232202,-0.5139442231075965
2022-09-16,nighttime,6,-0.3242671174743229,0.5306475318609706,-0.667355371900852
2022-09-17,daytime,6,-0.5906145967371974,0.21708885098690406,-0.8384615384616873
2022-09-17,nighttime,6,-0.226231694169783,0.66644181596693,-0.4419263456090801
2022-09-18,daytime,6,0.913696430935837,0.010851051352744941,17.057142857143052
2022-09-18,nighttime,6,0.4294216844265462,0.39546079315871696,0.8265895953756475
2022-09-19,daytime,6,-0.487308102255893,0.32689817593084936,-5.666666666665498
2022-09-19,nighttime,6,-0.7621966822246575,0.07810168841299378,-2.6854838709677513
2022-09-20,daytime,6,-0.6332471147955989,0.17709597856655043,-1.281250000000063
2022-09-20,nighttime,6,0.6736590078299347,0.14237026095139263,1.109170305676864
2022-09-21,daytime,6,0.9375173832264396,0.00573414761232341,5.845588235294174
2022-09-21,nighttime,6,-0.8569772459056277,0.029220460724332174,-0.6774999999999333
2022-09-22,daytime,6,0.8347559881991864,0.03870233307827563,8.470031545741811
2022-09-22,nighttime,6,-0.22065275377375995,0.6743924000112715,-0.642857142856694
2022-09-23,daytime,6,0.29441432472076834,0.5711383995160101,0.3040152963671295
2022-09-23,nighttime,6,-0.501470431769129,0.3108473874765819,-0.267877673028275
2022-09-24,daytime,6,-0.5172066196589784,0.2933671508663865,-0.7408844065166814
2022-09-24,nighttime,6,0.9377089747003627,0.005699407808415641,1.6923076923076383
2022-09-25,daytime,6,0.932566934783082,0.0066675109932549095,1.3025540275049117
2022-09-25,nighttime,6,0.8951213526806505,0.015922488046735017,0.8012422360247846
2022-09-26,daytime,6,0.7799606999580316,0.06729908665167898,2.2106430155211765
2022-09-26,nighttime,6,0.959236266361597,0.002458654789398867,1.5070422535210621
2022-09-27,daytime,6,-0.48059985103426467,0.33460379114527405,-0.5644531250000016
2022-09-27,nighttime,6,0.2901905000439993,0.5769327973042742,0.09999999999999876
2022-09-28,daytime,6,-0.6661351281491397,0.1485913793708608,-1.405660377358603
2022-09-28,nighttime,6,-0.9128929417126043,0.011050990922623433,-2.482758620689556
2022-09-29,daytime,6,-0.9610288359755002,0.0022485336787832605,-0.9020979020978909
2022-09-29,nighttime,6,0.9051308345416837,0.013073319066594901,0.5445960125918149
2022-09-30,daytime,6,-0.9480898698149096,0.0039720523061082215,-0.3301320528211249
2022-09-30,nighttime,6,0.20639824575092114,0.6947989383475287,0.06640625000001099
2022-10-01,daytime,6,-0.7776344953965071,0.06867203765194278,-2.7058823529414116
2022-10-01,nighttime,6,-0.29593201512468936,0.5690602125206989,-0.25757575757572804
2022-10-02,daytime,6,0.9547931514177038,0.0030192950430424324,0.5032751091703126
2022-10-02,nighttime,6,0.5892981384793081,0.2183762510746274,1.779411764705765
2022-10-03,daytime,6,-0.9347199698496742,0.006253128656937635,-1.204188481675412
2022-10-03,nighttime,6,0.8460143377864611,0.03374175425594306,0.6639999999999803
2022-10-04,daytime,6,0.6363636363636284,0.1743050338091731,0.6363636363636417
2022-10-04,nighttime,6,NA,NA,NA
2022-10-05,daytime,6,0.6655697189982962,0.14906347383933521,0.5593220338983084
2022-10-05,nighttime,6,0.8483520272547246,0.03275192908049271,2.615384615384713
2022-10-06,daytime,6,0.5602599553025867,0.24754040679371775,0.10666206420434513
2022-10-06,nighttime,6,-0.13483997249264712,0.7989658591927806,-0.20000000000001134
2022-10-07,daytime,6,-0.7839608093272079,0.06496780664212326,-1.7674597083653194
2022-10-07,nighttime,6,0.7708206381729956,0.07276615540728604,1.9310344827585992
2022-10-08,daytime,6,0.7522403848887369,0.08447289977938162,1.182825484764542
2022-10-08,nighttime,6,0.7323338372368251,0.09787926753787798,1.4999999999998697
2022-10-09,daytime,6,-0.7466600578090872,0.08814186804947027,-4.568181818181823
2022-10-09,nighttime,6,0.9029743987645795,0.013664253024233661,1.6274509803920802
2022-10-10,daytime,6,-0.8335471254004393,0.039253920959790814,-3.5000000000001763
2022-10-10,nighttime,6,-0.5936557794429516,0.214126548281102,-4.400000000000557
2022-10-11,daytime,6,0.5634157920121823,0.24430092128482336,0.3240506329113962
2022-10-11,nighttime,6,0.13453707438080562,0.7994119640458504,0.7333333333333604
2022-10-12,daytime,6,0.9674835342735595,0.0015687906514035034,0.796655518394648
2022-10-12,nighttime,6,0.27183731068705297,0.6022878141569414,1.3666666666665586
2022-10-13,daytime,6,-0.6961565892691811,0.1244556912183655,-2.57905544147845
2022-10-13,nighttime,6,NA,NA,NA
2022-10-14,daytime,6,-0.5897678246195748,0.2179165803957763,-0.17391304347829142
2022-10-14,nighttime,6,-0.10782813641135035,0.8388846492400984,-0.24528301886793583
2022-10-15,daytime,6,0.9877850161773838,2.228974712816217e-4,0.34588988866859555
2022-10-15,nighttime,6,-0.25588506177337456,0.6245497215246945,-0.2684563758388346
2022-10-16,daytime,6,-0.13576405788922194,0.797605106538089,-0.20316027088034722
2022-10-16,nighttime,6,-0.29480480193618747,0.5706035207850059,-1.5000000000002438
2022-10-17,daytime,6,-0.39770583933420184,0.43489379430551955,-0.17254901960785274
2022-10-17,nighttime,6,0.05096471914377384,0.9236191092312792,0.025974025974095007
2022-10-18,daytime,6,NA,NA,NA
2022-10-18,nighttime,6,0.5731418372088722,0.23442337388278953,0.19397993311037492
2022-10-19,daytime,6,0.060522753266879115,0.9093267176331372,0.025641025640989322
2022-10-19,nighttime,6,-0.13960269766300362,0.7919563059337509,-0.06194690265485583
2022-10-20,daytime,6,0.9277702444365665,0.007637290096741796,0.7200797872340458
2022-10-20,nighttime,6,-0.6592317241800686,0.15439900642767548,-1.214285714285713
2022-10-21,daytime,6,0.7056564913149705,0.11720647032499187,0.19225449515905899
2022-10-21,nighttime,6,0.050964719143749004,0.9236191092313164,0.09999999999972352
2022-10-22,daytime,6,-0.6688560540599346,0.14632845731823946,-0.2236842105263396
2022-10-22,nighttime,6,NA,NA,NA
2022-10-23,daytime,6,0.6125122691037945,0.1961301022915649,0.41573033707868307
2022-10-23,nighttime,6,0.9073019605929145,0.012491116044757108,2.3846153846154317
2022-10-24,daytime,6,0.6511057398944643,0.16135584558658897,2.615286624203795
2022-10-24,nighttime,6,0.3466876226407648,0.500803158745629,0.19230769230764613
2022-10-25,daytime,6,0.49883343975864386,0.3138134001248591,0.03210771620921537
2022-10-25,nighttime,6,0.8436614877321068,0.034752003741794955,4.124999999999395
2022-10-26,daytime,6,0.31653711083359526,0.5410521691795159,2.372972972973012
2022-10-26,nighttime,6,-0.5148287373065786,0.29598421947395437,-0.5445544554455769
2022-10-27,daytime,6,-0.3841936515017984,0.452063928965228,-0.6592178770949935
2022-10-27,nighttime,6,-0.7032634209542937,0.11901468275968644,-12.600000000004702
2022-10-28,daytime,6,0.33287917671795647,0.5191241637546337,0.1854838709677445
2022-10-28,nighttime,6,0.105989864320602,0.8416105407086902,0.24489795918358714
2022-10-29,daytime,6,NA,NA,NA
2022-10-29,nighttime,6,0.19999999999999998,0.7040000000000001,0.2000000000000234
2022-10-30,daytime,6,-0.19202698142048963,0.715499964043566,-0.8636363636363396
2022-10-30,nighttime,6,0.15061880828220586,0.7757802586325242,0.13157894736840822
2022-10-31,daytime,6,0.48726980152591576,0.3269419852332828,0.11023622047243593
2022-10-31,nighttime,6,-0.9966685082309644,1.6629768267993903e-5,-2.9090909090908625
2022-11-01,daytime,6,0.2919299452187131,0.5745446685950114,0.06070686070685923
2022-11-01,nighttime,6,0.43310670226277304,0.3909613307520652,3.4285714285709967
2022-11-02,daytime,6,0.5345935022295736,0.27450054199099516,0.21832498210452272
2022-11-02,nighttime,6,-0.8679389370645598,0.025008605836183886,-1.7743362831857992
2022-11-03,daytime,6,0.8834988331036583,0.019568175513462654,5.170608108108241
2022-11-03,nighttime,6,NA,NA,NA
2022-11-04,daytime,6,0.5046382189239306,0.3072981884078432,0.14418234826398016
2022-11-04,nighttime,6,0.801463204546858,0.05521244027208851,3.571428571428155
2022-11-05,daytime,6,0.46596795310081013,0.3516349803019833,0.14071038251366028
2022-11-05,nighttime,6,0.46358781020513806,0.35443396068686267,2.276923076923033
2022-11-07,daytime,6,0.6915842794236345,0.1280120937923983,1.3949367088607716
2022-11-07,nighttime,6,0.43112399091830195,0.39338006807809023,3.6666666666670804
2022-11-08,daytime,6,-0.628125621657335,0.18172247313806245,-1.1066176470588243
2022-11-08,nighttime,6,-0.5387467565360886,0.2700649677221033,-2.940594059406139
2022-11-09,daytime,6,0.656891570351119,0.15638914723493164,0.3959183673469338
2022-11-09,nighttime,6,0.893014965247136,0.016556431961335282,0.7399999999999992
2022-11-10,daytime,6,NA,NA,NA
2022-11-10,nighttime,6,0.6862046070395017,0.13225199140467,2.2857142857143464
2022-11-11,daytime,6,0.039538768647484866,0.9407227527885285,0.05263157894740335
2022-11-11,nighttime,6,0.8561868992769693,0.029536125682564637,1.1038961038961368
2022-11-12,daytime,6,0.8360181294045238,0.03813034015783222,0.5047801147227556
2022-11-12,nighttime,6,-0.9512341268208204,0.003509180265624234,-1.434782608695575
2022-11-13,daytime,6,0.7908098897270678,0.061063621209828264,0.5960000000000065
2022-11-13,nighttime,6,-0.9967521676788276,1.580549243843826e-5,-1.3082706766917136
2022-11-14,daytime,6,0.6814168676794307,0.13607548698979932,1.9510869565219302
2022-11-14,nighttime,6,-0.09854230788477913,0.852664989972348,-0.2524752475248154
2022-11-15,daytime,6,-0.7930729088632056,0.059798044526990245,-4.376623376623366
2022-11-15,nighttime,6,0.9469095041060562,0.004153080675511807,3.0000000000001323
2022-11-16,daytime,6,0.8174849204043068,0.04692768267780638,0.7231149567367101
2022-11-16,nighttime,6,0.6076047187878005,0.2007517384338583,3.4117647058819403
2022-11-17,daytime,6,0.7262502083650849,0.10215116187255992,0.47826086956523184
2022-11-17,nighttime,6,-0.8037063131228441,0.05401510047838291,-0.758333333333312
2022-11-18,daytime,6,-0.9132506457041588,0.010961761721556825,-0.700562617211918
2022-11-18,nighttime,6,0.3240796486327622,0.5308991839265562,0.07380319148936615
2022-11-19,daytime,6,0.9624920661717741,0.0020838837236340046,0.7302631578947393
2022-11-19,nighttime,6,0.8385707531622004,0.03698572780439723,1.7600000000000058
2022-11-20,daytime,6,0.6663330544476354,0.14842626960922176,1.446880269814512
2022-11-20,nighttime,6,0.9571196100487546,0.0027186690801087707,1.591603053435138
2022-11-21,daytime,6,-0.5027987404052251,0.3093573027162076,-1.456647398843932
2022-11-21,nighttime,6,-0.11003359342632767,0.8356157197674209,-0.26050420168065186
2022-11-22,daytime,6,-0.8868440249909747,0.01848197192750159,-2.0108695652174355
2022-11-22,nighttime,6,-0.8230921559939937,0.0441762898845562,-0.8255639097744247
2022-11-23,daytime,6,-0.8608134635865314,0.02771111501492314,-0.5962732919254532
2022-11-23,nighttime,6,-0.9328060455657782,0.006620849992290041,-0.9249999999999888
2022-11-24,daytime,6,-0.5762311332753051,0.23131986096065604,-4.504424778761099
2022-11-24,nighttime,6,-0.6662026632444629,0.14853503291587727,-0.6783216783216744
2022-11-25,daytime,6,0.7371184797919366,0.09457660415649954,0.5131578947368215
2022-11-25,nighttime,6,0.6000285564704321,0.2079725865223215,0.7068965517241322
2022-11-26,daytime,6,0.7535335264498182,0.0836326918620933,1.1681997371878967
2022-11-26,nighttime,6,0.9854924612916139,3.141763278065091e-4,8.49999999999992
2022-11-27,daytime,6,-0.5411809495441875,0.26747825349772575,-0.16804407713499472
2022-11-27,nighttime,6,0.4670993664969103,0.35030724478156955,2.400000000000173
2022-11-28,daytime,6,-0.2685406076346614,0.6068718650182929,-0.2545454545454724
2022-11-28,nighttime,6,-0.4446229084133188,0.37701428442824025,-1.4799999999999793
2022-11-29,daytime,6,0.8594295981916219,0.02825121856566771,0.6542056074766249
2022-11-29,nighttime,6,0.7378647873726223,0.09406601105916947,0.9333333333333176
2022-11-30,daytime,6,-0.6372128909998431,0.17354771016295567,-0.1476510067114577
2022-11-30,nighttime,6,-0.3033889830955425,0.5588792258790596,-0.7169811320753133
2023-04-01,daytime,6,-0.29551968199577827,0.5696246220707308,-0.8564102564103312
2023-04-01,nighttime,6,-0.6981055495547334,0.12295301958070616,-2.7662337662341288
2023-04-02,daytime,6,-0.3956780637589378,0.43745680677845084,-1.2241379310344844
2023-04-02,nighttime,6,0.6286934662079406,0.1812070678237094,28.500000000006285
2023-04-03,daytime,6,-0.969701457796725,0.0013630954334517592,-1.1782334384857882
2023-04-03,nighttime,6,0.9963882232399411,1.9543839356782736e-5,4.856000000000569
2023-04-04,daytime,6,-0.16814354376216958,0.7501615826193523,-1.4399999999992026
2023-04-04,nighttime,6,0.23742322084163117,0.650556916788332,4.999999999999979
2023-04-05,daytime,6,-0.1688678416199261,0.7491059846333066,-1.0750000000001076
2023-04-05,nighttime,6,-0.9248391580327344,0.008261430731272524,-1.0752688172043066
2023-04-06,daytime,6,0.9265016726331046,0.007904487054761832,1.0467289719626096
2023-04-06,nighttime,6,0.9501683351890603,0.0036629213608335865,3.471107544141269
2023-04-07,daytime,6,0.9646471801844299,0.001852640439701646,0.6188118811881245
2023-04-07,nighttime,6,-0.8153459720143931,0.047997580720142555,-2.9077490774906094
2023-04-08,daytime,6,0.35973156219332114,0.4836785113025107,0.44605263157895014
2023-04-08,nighttime,6,-0.8449426752397295,0.03420015683755073,-1.1033434650456253
2023-04-09,daytime,6,0.8808847307615063,0.02043764068461398,0.5257510729613704
2023-04-09,nighttime,6,-0.9945750824131404,4.4064769304165446e-5,-0.24222628690880413
2023-04-10,daytime,6,-0.7107069863004142,0.11343014073567807,-0.13587604290823507
2023-04-10,nighttime,6,-0.7829440180872332,0.06555683720754114,-0.33237410071942597
2023-04-11,daytime,6,0.1224112744964202,0.8173002253584079,0.06811145510833819
2023-04-11,nighttime,6,0.01820892601823058,0.972689629693811,0.010610079575605636
2023-04-12,daytime,6,-0.6777496024572073,0.13903588045505869,-0.45494186046512003
2023-04-12,nighttime,6,0.9274033166707534,0.007714115278475765,1.540268456375831
2023-04-13,daytime,6,0.2838667947169217,0.5856368517742616,0.11875000000000689
2023-04-13,nighttime,6,0.9076597054333775,0.012396414621000853,0.691371681415923
2023-04-14,daytime,6,-0.18271951724831095,0.7289708995812663,-0.12740384615384637
2023-04-14,nighttime,6,0.9372377682031082,0.005785033327471934,0.5736585365853725
2023-04-15,daytime,6,-0.9407552709460413,0.005160934220462107,-1.057692307692332
2023-04-15,nighttime,6,0.938336928014772,0.005586269858635104,1.023809523809484
2023-04-16,daytime,6,-0.47794262570219587,0.3376740761432504,-0.46276595744681814
2023-04-16,nighttime,6,-0.6693383282687302,0.1459289107903384,-1.9496738117427381
2023-04-17,daytime,6,-0.09874638103432702,0.852361858913032,-0.16198347107436722
2023-04-17,nighttime,6,-0.41333081407449945,0.4153109851419738,-1.115384615384556
2023-04-18,daytime,6,0.5582750480397073,0.2495865073578378,1.452442159383132
2023-04-18,nighttime,6,-0.08528028654224376,0.8723896803195152,-0.2666666666662915
2023-04-19,daytime,6,-0.6895810122352327,0.1295839431931887,-2.918103448275905
2023-04-19,nighttime,6,0.7605218378696224,0.07915767403568817,0.48623853211009543
2023-04-20,daytime,6,0.4215247051794068,0.40516184557092855,2.226993865030736
2023-04-20,nighttime,6,0.9951184513570441,3.568611325675502e-5,3.3544303797469257
2023-04-21,daytime,6,0.897754973809244,0.0151466309992456,3.5674891146587875
2023-04-21,nighttime,6,-0.4210974434526168,0.40568897778025054,-0.6018237082066614
2023-04-22,daytime,6,-0.9117713760988176,0.011333036512540095,-1.9971098265896543
2023-04-22,nighttime,6,0.9332459013599631,0.006535432735125869,2.995327102803695
2023-04-23,daytime,6,0.44368618789237935,0.37814218023688123,2.8813559322034767
2023-04-23,nighttime,6,-0.3689437494704653,0.4716945933530267,-1.0390624999999383
2023-04-24,daytime,6,0.06297893420696733,0.9056564968162816,0.10576923076920147
2023-04-24,nighttime,6,0.9841985670457323,3.725552324796065e-4,2.998664886515355
2023-04-25,daytime,6,0.5534661564402931,0.2545709663943482,0.9230769230768991
2023-04-25,nighttime,6,0.2513465105182647,0.630919650713329,4.844155844155129
2023-04-26,daytime,6,-0.3131121455425758,0.5456804162715567,-12.000000000002771
2023-04-26,nighttime,6,0.6819100643243677,0.13567944892575495,1.5526315789473688
2023-04-27,daytime,6,0.8989495823603423,0.014800858007042906,2.05232558139527
2023-04-27,nighttime,6,-0.16633011168117834,0.7528056524669059,-4.799999999980398
2023-04-28,daytime,6,0.814243645578999,0.04855333400025527,0.6757425742574413
2023-04-28,nighttime,6,0.9482908845015915,0.003941618178410631,1.6503067484662677
2023-04-29,daytime,6,0.10793741444416342,0.8387226399712936,0.029126213592230624
2023-04-29,nighttime,6,0.4796017051840619,0.3357559057238339,0.06559766763848089
2023-04-30,daytime,6,0.678597271490499,0.13834916589024085,0.28506787330317074
2023-04-30,nighttime,6,NA,NA,NA
2023-05-01,daytime,6,-0.7498945210438799,0.08600673308090345,-0.612903225806459
2023-05-01,nighttime,6,-0.7585958045008923,0.0803799446959625,-0.1507177033492703
2023-05-02,daytime,6,-0.012872241130767868,0.9806927047342175,-0.010869565217396444
2023-05-02,nighttime,6,-0.8081819889161587,0.051662333787812556,-1.624999999999925
2023-05-03,daytime,6,0.6625341930914483,0.15160891817952282,1.287361845266699
2023-05-03,nighttime,6,0.9184281728734714,0.009709556512153944,0.8885375494071073
2023-05-04,daytime,6,0.6358465939369733,0.1747667813353126,0.39204934886908943
2023-05-04,nighttime,6,0.1993313680243302,0.7049629640161179,0.10330578512397828
2023-05-05,daytime,6,0.30911347264326916,0.5510978632260497,0.8064516129032978
2023-05-05,nighttime,6,0.6976645995153595,0.12329230180219616,0.7844827586207025
2023-05-06,daytime,6,-0.43069613182425015,0.3939026871604415,-1.4950495049505033
2023-05-06,nighttime,6,0.35333567187647685,0.49205278197121444,6.50000000000145
2023-05-07,daytime,6,0.7889584756810383,0.06210804837823266,4.792307692307781
2023-05-07,nighttime,6,NA,NA,NA
2023-05-08,daytime,6,0.30257901393190606,0.5599826476506499,0.3240174672489203
2023-05-08,nighttime,6,-0.8104556532574624,0.05048570357260696,-4.299999999999669
2023-05-09,daytime,6,0.6418828723622395,0.1694079349735871,0.4937172774869106
2023-05-09,nighttime,6,-0.16678252811038818,0.7521458535661338,-3.9999999999992397
2023-05-10,daytime,6,0.20439159607900825,0.6976819298294805,0.11778115501519514
2023-05-10,nighttime,6,0.988255123763598,2.061031201618766e-4,1.309352517985551
2023-05-11,daytime,6,-0.5238036568708377,0.2861525903242003,-1.8685258964144404
2023-05-11,nighttime,6,0.9871183132680674,2.4783799986943025e-4,1.7283800243604517
2023-05-12,daytime,6,-0.7659597088607555,0.0757525249725451,-2.363360323886663
2023-05-12,nighttime,6,-0.679038679546623,0.13799215098916157,-1.6883116883120262
2023-05-13,daytime,6,0.6656957567290219,0.14895818197133706,1.5937500000000686
2023-05-13,nighttime,6,-0.9244120367672861,0.00835437284576363,-5.5664739884390375
2023-05-14,daytime,6,0.13124120168493814,0.8042684633048087,0.08916083916083489
2023-05-14,nighttime,6,-0.6437728162279176,0.16774448557655564,-0.8560000000000225
2023-05-15,daytime,6,-0.6002206435511251,0.2077882260115095,-1.7300000000000613
2023-05-15,nighttime,6,0.040898963477094756,0.938685761148065,0.08191126279864949
2023-05-16,daytime,6,-0.5880513469376341,0.21959834726242447,-1.1134831460674262
2023-05-16,nighttime,6,-0.8861830443560802,0.018694239628423502,-5.868421052631246
2023-05-17,daytime,6,0.8436254241995149,0.03476759756202867,1.4243108901943184
2023-05-17,nighttime,6,-0.6765238322477538,0.1400314860899403,-3.7142857142855523
2023-05-18,daytime,6,0.4896339598065976,0.32424182936921375,0.7157622739018433
2023-05-18,nighttime,6,0.9994002275309203,5.394826448191224e-7,1.8365384615384084
2023-05-19,daytime,6,0.8241260058203463,0.043677455286842935,0.800000000000022
2023-05-19,nighttime,6,0.8871423586513737,0.01838654554894979,1.5216216216216198
2023-05-20,daytime,6,-0.638416358751216,0.17247687830692107,-1.85826771653553
2023-05-20,nighttime,6,0.8271288509287908,0.04224357303367681,2.5026737967913286
2023-05-21,daytime,6,0.1905912526314921,0.7175747371163093,2.0363636363634194
2023-05-21,nighttime,6,-0.3230266413092696,0.532313341071716,-2.64999999999976
2023-05-22,daytime,6,0.7065409598738933,0.1165412289850711,0.5197368421052544
2023-05-22,nighttime,6,-0.7328376601315278,0.09752912213866075,-5.52941176470571
2023-05-23,daytime,6,0.5233776810930638,0.28661638388833793,2.1810193321616125
2023-05-23,nighttime,6,0.9330149914238911,0.006580206483079877,1.7096774193547593
2023-05-24,daytime,6,0.9872667432383673,2.421714830739485e-4,1.6992481203007506
2023-05-24,nighttime,6,0.9774133443763824,7.594741480149026e-4,4.215613382899456
2023-05-25,daytime,6,-0.927742180573402,0.0076431527111477755,-0.8809523809523921
2023-05-25,nighttime,6,0.8835838991275495,0.019540186071136577,4.078313253011854
2023-05-26,daytime,6,-0.8887939780264316,0.017862538818200446,-3.4374999999999996
2023-05-26,nighttime,6,0.8086553909098078,0.0514163120715974,3.333333333333444
2023-05-27,daytime,6,0.7484896702489258,0.0869312184094905,0.7695560253699997
2023-05-27,nighttime,6,0.939070297952139,0.005455544303480344,0.617647058823531
2023-05-28,daytime,6,-0.9230844882580502,0.008646477991943836,-1.3902439024390358
2023-05-28,nighttime,6,0.4132539914221564,0.41540653593424937,0.5989010989010759
2023-05-29,daytime,6,0.9592641937585411,0.0024553102463967897,0.5915492957746518
2023-05-29,nighttime,6,-0.7023212455598915,0.11972991099032533,-1.2756598240469055
2023-05-30,daytime,6,0.9330811553502857,0.00656736195178511,0.7108150470219456
2023-05-30,nighttime,6,0.2249304372476416,0.6682943758400166,0.26923076923088574
2023-05-31,daytime,6,0.7952752269291212,0.05857811289827017,0.4216417910447679
2023-05-31,nighttime,6,0.8721832163630033,0.02346161555227128,2.692832764505155
2023-06-01,daytime,6,-0.4409677991202178,0.38142196881661244,-0.51162790697674565
2023-06-01,nighttime,6,-0.5926528367706749,0.2151016611240163,-2.9596774193547706
2023-06-02,daytime,6,0.20104031911219977,0.7025022657205386,0.1135531135531129
2023-06-02,nighttime,6,0.8220332643262257,0.04468994313451557,1.2406841783750553
2023-06-03,daytime,6,0.13294981108605777,0.8017502706858279,0.032744592180983786
2023-06-03,nighttime,6,0.990579680365548,1.3269564203260265e-4,1.6090712742980766
2023-06-04,daytime,6,0.9665825135419565,0.0016564334736485216,1.4959767681045482
2023-06-04,nighttime,6,0.9948893144430992,3.9111917021172416e-5,1.6083761939750005
2023-06-05,daytime,6,0.3198180120205394,0.5366290445099519,0.8851674641149014
2023-06-05,nighttime,6,-4.960844178572816e-4,0.9992558734342571,-5.652911249280168e-4
2023-06-06,daytime,6,-0.18772066290821027,0.7217265542957655,-0.6403785488956952
2023-06-06,nighttime,6,0.885320580087905,0.018972958322929227,3.8740458015267967
2023-06-07,daytime,6,0.5705043147295957,0.23708602320821792,0.3047001620745569
2023-06-07,nighttime,6,0.4403958907424652,0.3821132340303947,2.932142857143102
2023-06-08,daytime,6,0.6303415234079379,0.1797146510920612,0.8443271767810366
2023-06-08,nighttime,6,0.9823853962828913,4.6267871706320233e-4,2.395695364238395
2023-06-09,daytime,6,-0.345584048697516,0.502260190673588,-0.36470588235296325
2023-06-09,nighttime,6,0.9704048346822047,0.0013008499001764331,3.912427559562117
2023-06-10,daytime,6,-0.4167544932942533,0.411060117878989,-1.366197183098499
2023-06-10,nighttime,6,0.9200139880770609,0.009340777417066027,5.820668693009216
2023-06-11,daytime,6,0.7053394199238566,0.11744535474547198,0.19271212909942978
2023-06-11,nighttime,6,0.9774203725863863,7.590033673940544e-4,8.234177215189943
2023-06-12,daytime,6,0.7771113126019963,0.06898256600765341,0.5311862100249481
2023-06-12,nighttime,6,0.3687909475782384,0.47189261013743844,0.5657370517928054
2023-06-13,daytime,6,0.6686645698763591,0.14648722441140544,2.159574468085293
2023-06-13,nighttime,6,-0.11957031385812995,0.8214992811859066,-0.5723830734967267
2023-06-14,daytime,6,0.8688277420110623,0.024680756386588624,1.9106796116504952
2023-06-14,nighttime,6,0.660330299666616,0.15346847632715138,1.3896103896104244
2023-06-15,daytime,6,-0.5787816613534262,0.22877002476825972,-0.7433333333333388
2023-06-15,nighttime,6,-0.49743485698414175,0.3153907124225921,-4.737226277372493
2023-06-16,daytime,6,0.060983162563933296,0.9086386527018884,0.10134128166914545
2023-06-16,nighttime,6,-0.8480510960305382,0.032878570315118726,-2.432000000000072
2023-06-17,daytime,6,0.1603757502657129,0.7614988373233427,0.39454094292794295
2023-06-17,nighttime,6,0.9946954212362068,4.2133202198996124e-5,3.6468952734013116
2023-06-18,daytime,6,0.2999584573840018,0.5635567064474067,0.413043478260884
2023-06-18,nighttime,6,0.9611065170429632,0.0022396373802977456,3.581190301249102
2023-06-19,daytime,6,0.7759449673362719,0.06967713149682254,0.1714285714285761
2023-06-19,nighttime,6,0.7184348204904222,0.10775732953038988,1.5804195804196788
2023-06-20,daytime,6,0.8746582401095407,0.022581240741298164,1.2111650485436976
2023-06-20,nighttime,6,0.49940582272534056,0.31316871411408115,2.499999999999384
2023-06-21,daytime,6,-0.8850336003219036,0.019066138434071105,-2.35643564356409
2023-06-21,nighttime,6,0.6636791841392333,0.15064662864114264,0.48766328011613824
2023-06-22,daytime,6,-0.803593469100992,0.054075045510949556,-0.37622682660849693
2023-06-22,nighttime,6,-0.3648845794254985,0.4769636352956717,-0.46428571428567983
2023-06-23,daytime,6,-0.7575494833079882,0.08104748575488893,-1.519531250000132
2023-06-23,nighttime,6,-0.11651034560708869,0.82602527579032,-0.35294117647090684
2023-06-24,daytime,6,0.9227564514863072,0.008719409323567169,0.438829179053288
2023-06-24,nighttime,6,0.9808305503462083,5.476796222978591e-4,1.6013513513513082
2023-06-25,daytime,6,0.8587713109670025,0.028509872491821527,0.4242539441170921
2023-06-25,nighttime,6,0.9791675805275873,6.464640238620908e-4,1.4853700516351123
2023-06-26,daytime,6,0.8508011293666914,0.03172984846373469,0.27035830618892304
2023-06-26,nighttime,6,0.7682732967017425,0.07432435243243796,0.7967625899280635
2023-06-27,daytime,6,0.6962860630265029,0.12435561916518537,1.9920859242509725
2023-06-27,nighttime,6,0.9236851680979301,0.008513703333578882,0.9578313253011754
2023-06-28,daytime,6,-0.6995138902263495,0.12187212203725568,-0.8337041156840764
2023-06-28,nighttime,6,0.9562245297385832,0.0028324944076349693,2.7899159663864648
2023-06-29,daytime,6,-0.7191985604238774,0.10720365338223216,-0.5444147218891259
2023-06-29,nighttime,6,0.7766839075688963,0.06923672033012007,1.2765957446808518
2023-06-30,daytime,6,0.9859358052929716,2.953113992195004e-4,2.061620897521808
2023-06-30,nighttime,6,0.9676918192783723,0.0015488658732716782,2.293291731669247
2023-07-01,daytime,6,0.47320177060186563,0.343176994388507,1.0958904109589778
2023-07-01,nighttime,6,0.7707524933080612,0.07280764418881702,4.752475247524843
2023-07-02,daytime,6,-0.961976854844438,0.0021411531883334663,-2.2457865168540034
2023-07-02,nighttime,6,0.9249972587684255,0.008227156158388987,5.810344827586156
2023-07-03,daytime,6,0.047652373334458,0.928575543280342,0.1508196721311449
2023-07-03,nighttime,6,0.6355859231047014,0.17499976820821816,6.300000000000506
2023-07-04,daytime,6,-0.3177418483880518,0.5394268172122659,-0.7156872363386638
2023-07-04,nighttime,6,0.9958761305487621,2.5474382997300047e-5,5.3114754098356585
2023-07-05,daytime,6,0.4771798682450303,0.33855727514652467,1.7264808362369464
2023-07-05,nighttime,6,0.9844963984068097,3.5867925781480264e-4,3.703124999999944
2023-07-06,daytime,6,0.2101594377822154,0.6894018981454249,1.1746031746030854
2023-07-06,nighttime,6,0.744730562566005,0.08942673300013093,45.99999999998443
2023-07-07,daytime,6,-0.6537570156323684,0.15907177401121153,-4.432432432432284
2023-07-07,nighttime,6,0.873507323222385,0.02298862937692636,3.9861111111110046
2023-07-08,daytime,6,-0.002358962993794628,0.9964615620727764,-0.0024929884699453745
2023-07-08,nighttime,6,-0.06715822167815931,0.8994141168863383,-0.2954545454545459
2023-07-09,daytime,6,0.9812022371076091,5.267126845216646e-4,2.584158415841577
2023-07-09,nighttime,6,0.489656753163183,0.324215836483243,0.6794717887154588
2023-07-10,daytime,6,0.6998416175557969,0.12162118890707742,0.4172185430463491
2023-07-10,nighttime,6,0.6124996995471891,0.19614188316667439,4.749999999999961
2023-07-11,daytime,6,-0.23134057276808712,0.6591796365133069,-0.043602233574908236
2023-07-11,nighttime,6,0.7967545505142669,0.057765165161066986,1.435897435897433
2023-07-12,daytime,6,0.7293474378561209,0.09996618381906626,0.36750113791534333
2023-07-12,nighttime,6,-0.4295870021010504,0.3952585618618145,-0.7857142857142964
2023-07-13,daytime,6,0.05636151236649819,0.915547251006108,0.08000000000001746
2023-07-13,nighttime,6,0.35781210815431896,0.48618709126733695,0.6923076923076285
2023-07-14,daytime,6,-0.32469519413060227,0.5300730239019811,-0.32889079965606566
2023-07-14,nighttime,6,0.7880597222681013,0.06261798308991812,7.428571428571565
2023-07-15,daytime,6,0.6078851554553278,0.2004864540042219,1.8026796589525993
2023-07-15,nighttime,6,0.9698679043287841,0.0013482356687833453,5.362776025236545
2023-07-16,daytime,6,-0.16353351236055627,0.7568864369633201,-0.556363636363529
2023-07-16,nighttime,6,0.9237742230101187,0.008494103667793419,4.6923076923079385
2023-07-17,daytime,6,0.9945786681144615,4.4006590372308425e-5,2.620927467300876
2023-07-17,nighttime,6,0.6019688321984679,0.20611341357556626,3.499999999999983
2023-07-18,daytime,6,-0.7843331544242192,0.06475271395725872,-11.09999999999957
2023-07-18,nighttime,6,0.9503136966275514,0.003641762111598504,4.402298850574693
2023-07-19,daytime,6,-0.3759532769837492,0.46263886548584154,-1.7882454624027688
2023-07-19,nighttime,6,-0.6536545378489018,0.159159802748464,-4.2413793103446675
2023-07-20,daytime,6,0.8534518487620107,0.030640880473992174,1.2529893014474416
2023-07-20,nighttime,6,0.978049836612043,7.174266086175412e-4,5.913793103448095
2023-07-21,daytime,6,-0.38863432073541904,0.4463975289708214,-0.7715846994536216
2023-07-21,nighttime,6,0.8612869443003899,0.02752745715306847,6.589743589743532
2023-07-22,daytime,6,0.7748794828318983,0.07031440169974153,1.7945841392650066
2023-07-22,nighttime,6,0.931657662693371,0.006846410177307905,5.369565217391245
2023-07-23,daytime,6,-0.11820703545215261,0.8235152945555331,-0.07570093457943546
2023-07-23,nighttime,6,-0.8415153179531754,0.035685730529114584,-4.437113402061676
2023-07-24,daytime,6,0.11839932621678792,0.8232308952586931,0.04189944134077576
2023-07-24,nighttime,6,0.815384615384612,0.04797815202549099,0.2717948717948796
2023-07-25,daytime,6,0.9361895836447741,0.0059777432080334045,1.1920152091254752
2023-07-25,nighttime,6,0.8155596728001829,0.04789018431406091,0.8829604130809091
2023-07-26,daytime,6,0.97956839230435,6.219112961688765e-4,0.6246754712721558
2023-07-26,nighttime,6,0.7115124735378959,0.11283288455744132,1.687499999999904
2023-07-27,daytime,6,0.9167417829496411,0.010109325963941056,0.6046511627907001
2023-07-27,nighttime,6,-0.25308553412177,0.6284770525245131,-0.23333333333335146
2023-07-28,daytime,6,-0.7340462307597035,0.09669146886240501,-0.53556485355647665
2023-07-28,nighttime,6,NA,NA,NA
2023-07-29,daytime,6,0.7243659141703044,0.10349069131623387,1.6262626262626956
2023-07-29,nighttime,6,-0.8157102024529446,0.0478146019499007,-3.428571428571416
2023-07-30,daytime,6,0.1528989979985465,0.7724387473091093,0.863636363636274
2023-07-30,nighttime,6,-0.2447696109732149,0.6401779218886346,-1.2769230769230164
2023-07-31,daytime,6,0.18634693025355836,0.7237150698197266,0.5276073619632342
2023-07-31,nighttime,6,0.8466487815452377,0.0334717449616314,3.0000000000000666
2023-08-01,daytime,6,-0.8974058281058935,0.015248415393336786,-2.2592728608152743
2023-08-01,nighttime,6,NA,NA,NA
2023-08-02,daytime,6,-0.32482670983744755,0.5298965567204691,-1.273234200743491
2023-08-02,nighttime,6,0.49488913327864653,0.318269249030136,2.26666666666673
2023-08-03,daytime,6,-0.9864376685902071,2.7465794375795236e-4,-1.1597717546362292
2023-08-03,nighttime,6,-0.23498013167509152,0.6540170942841437,-4.750000000000061
2023-08-04,daytime,6,0.78637092292828,0.06358133789651825,0.1940559440559437
2023-08-04,nighttime,6,-0.18248650673195785,0.7293087611491651,-1.2439024390230038
2023-08-05,daytime,6,0.7664015523984123,0.07547882462311337,2.2968750000000413
2023-08-05,nighttime,6,0.606788036412154,0.20152511112649607,3.2499999999996283
2023-08-06,daytime,6,0.7014925898515038,0.1203605096419017,2.6118721461188024
2023-08-06,nighttime,6,0.27772508574118066,0.5941230091834357,1.425925925925953
2023-08-07,daytime,6,0.8538393466837825,0.030483194483251482,0.24380823933300608
2023-08-07,nighttime,6,NA,NA,NA
2023-08-08,daytime,6,0.8391019426346614,0.03674959796924835,4.596774193548215
2023-08-08,nighttime,6,-0.9518845746043662,0.0034169453713104106,-5.280000000000021
2023-08-09,daytime,6,-0.977240435263554,7.711019784055212e-4,-3.510551395507091
2023-08-09,nighttime,6,0.9732830915391412,0.0010611546227973188,2.278592375366579
2023-08-10,daytime,6,0.9340196785821163,0.006386484763132805,5.247524752475285
2023-08-10,nighttime,6,-0.7433217940894805,0.09037009694847122,-3.5491329479765445
2023-08-11,daytime,6,0.7035975447302965,0.11876149100611609,2.500000000000267
2023-08-11,nighttime,6,-0.19804947553898516,0.7068098928771336,-0.6954314720813425
2023-08-12,daytime,6,0.938046581660713,0.005638443453994111,6.4528301886791946
2023-08-12,nighttime,6,-0.664211164155071,0.15020042233101186,-12.000000000002151
2023-08-13,daytime,6,0.1738116134907115,0.7419080456384105,0.21930294906164566
2023-08-13,nighttime,6,-0.1336306209562086,0.8007471991099389,-1.5000000000001552
2023-08-14,daytime,6,-0.4623205995596632,0.35592738098496635,-0.44311179577464493
2023-08-14,nighttime,6,0.34804595438101105,0.4990115134199312,1.935483870967768
2023-08-15,daytime,6,-0.30764722478763556,0.5530880777910385,-0.29393585605383965
2023-08-15,nighttime,6,NA,NA,NA
2023-08-16,daytime,6,0.7394600787090378,0.09297871409099977,1.280108254397837
2023-08-16,nighttime,6,-0.39123039821798417,0.4430955045774627,-4.285714285713192
2023-08-17,daytime,6,-0.47851806825720883,0.337008321584244,-1.2159603246168098
2023-08-17,nighttime,6,0.3414607062514593,0.5077153168131454,5.000000000000831
2023-08-18,daytime,6,-0.02233092503157852,0.9665091803362006,-0.007978723404256495
2023-08-18,nighttime,6,0.9449599928602839,0.004460734414434401,5.239130434782789
2023-08-19,daytime,6,0.8551252953837347,0.02996265564610525,4.893258426966402
2023-08-19,nighttime,6,0.950495265264198,0.0036154170507990105,5.634078212290674
2023-08-20,daytime,6,0.6729976767123863,0.142912515010366,1.7415730337080353
2023-08-20,nighttime,6,0.9735430268268496,0.001040697581561279,5.749999999999959
2023-08-21,daytime,6,0.8651787072198591,0.026039862924744465,2.2612338156892515
2023-08-21,nighttime,6,0.7659135525689015,0.07578114240966116,4.920792079208127
2023-08-22,daytime,6,-0.2397117285929821,0.6473195303651282,-0.6057233704292526
2023-08-22,nighttime,6,0.9778973223693619,7.2739364525581e-4,2.041362530413616
2023-08-23,daytime,6,0.9634130361261019,0.0019834211249458826,8.462153846154154
2023-08-23,nighttime,6,0.9671675932624076,0.0015992542738905052,4.30000000000002
2023-08-24,daytime,6,-0.39580723059265555,0.43729340018942847,-0.20735785953177738
2023-08-24,nighttime,6,0.9819028436529581,4.882971284681051e-4,4.045592705167061
2023-08-25,daytime,6,-0.16440079315634906,0.7556204914130148,-0.0935878813031752
2023-08-25,nighttime,6,NA,NA,NA
2023-08-26,daytime,6,0.5408548687001409,0.2678242087799998,3.4787701317714954
2023-08-26,nighttime,6,0.9542424442683907,0.003092728329263811,4.983870967741889
2023-08-27,daytime,6,0.40345623858904317,0.4276523273723126,1.903614457831098
2023-08-27,nighttime,6,-0.6926643428463185,0.12716808280903705,-0.9624999999999806
2023-08-28,daytime,6,-0.04263549238019359,0.9360855125134552,-0.29411764705805693
2023-08-28,nighttime,6,NA,NA,NA
2023-08-29,daytime,6,-0.5307044069886405,0.278679086046881,-0.8633405639913359
2023-08-29,nighttime,6,0.8411658576047885,0.03583887069623904,2.1279999999998753
2023-08-30,daytime,6,-0.6324555320336819,0.17780780835621574,-0.9999999999999184
2023-08-30,nighttime,6,0.961762993373546,0.002165150448805711,1.6397515527950253
2023-08-31,daytime,6,-0.6886878124902196,0.13028746352519785,-0.1231979030144181
2023-08-31,nighttime,6,-0.7762193346403322,0.06951345912668719,-2.5217391304346117
2023-09-01,daytime,6,0.8864361619688712,0.01861281601487699,0.14944074323085466
2023-09-01,nighttime,6,-0.6449388249049443,0.16672165320985277,-9.20689655172324
2023-09-02,daytime,6,-0.11813593714555737,0.8236204527369086,-0.16878980891719456
2023-09-02,nighttime,6,0.9326241219821494,0.0066563367077578295,1.526690391458972
2023-09-03,daytime,6,0.16377671890641315,0.7565313978465686,0.04165001199136488
2023-09-03,nighttime,6,-0.6704475749429208,0.1450117135432105,-6.538461538461806
2023-09-04,daytime,6,-0.3117488567310639,0.5475257374780635,-0.10226602352777968
2023-09-04,nighttime,6,-0.02568055194633535,0.9614876401237065,-0.12111801242248345
2023-09-05,daytime,6,-0.6669945522671992,0.14787501767429662,-1.3507917174177908
2023-09-05,nighttime,6,0.9832879091394016,4.1660717820626365e-4,8.439024390242977
2023-09-06,daytime,6,-0.47754268120247795,0.3381370690599878,-7.568181818182835
2023-09-06,nighttime,6,0.6446235865567778,0.16699792361634214,15.200000000003724
2023-09-07,daytime,6,0.3519924408479591,0.49381703784446984,7.500000000001204
2023-09-07,nighttime,6,0.9735146410000177,0.001042921963481112,2.44871794871792
2023-09-08,daytime,6,-0.8560367547171499,0.02959627491550575,-1.692372881355931
2023-09-08,nighttime,6,0.4269030456453498,0.39854616266652015,2.874999999999901
2023-09-09,daytime,6,-0.2028044229729643,0.6999640013834911,-0.8782138024357654
2023-09-09,nighttime,6,0.7162525751990637,0.10934628001134192,4.079999999999753
2023-09-10,daytime,6,-0.4561076994668458,0.3632814586286986,-1.9418604651163676
2023-09-10,nighttime,6,NA,NA,NA
2023-09-11,daytime,6,0.06525795509653706,0.902252021141932,0.3311688311689578
2023-09-11,nighttime,6,0.4838708323176369,0.3308383281783623,1.3000000000000156
2023-09-12,daytime,6,0.6479770159515936,0.16406889594528531,0.43784370968837466
2023-09-12,nighttime,6,NA,NA,NA
2023-09-13,daytime,6,-0.5937642196264208,0.21402122438079116,-0.684033613445384
2023-09-13,nighttime,6,0.6580128969221315,0.15543418663546268,6.400000000001242
2023-09-14,daytime,6,-0.8111593332847352,0.05012409172937549,-0.3413461538461746
2023-09-14,nighttime,6,0.9439837976730153,0.004618838146906969,5.6923076923071605
2023-09-15,daytime,6,-0.6360337572678826,0.17459957520507308,-6.14925373134318
2023-09-15,nighttime,6,0.8103996087224745,0.050514555892281945,7.89285714285613
2023-09-16,daytime,6,0.14327546627925333,0.7865573698831065,0.4242424242425651
2023-09-16,nighttime,6,0.8528334296149728,0.030893332408925528,7.554455445545154
2023-09-17,daytime,6,0.7233225309359621,0.10423574433968838,4.570469798657341
2023-09-17,nighttime,6,0.6222065448517713,0.18713100987690137,11.504950495049298
2023-09-18,daytime,6,0.5877523091367236,0.219891869953941,3.236786469344829
2023-09-18,nighttime,6,-0.8307406494215374,0.04054855910973469,-2.3980370774263515
2023-09-19,daytime,6,-0.8949266915759793,0.015980574530070155,-1.1536499840612195
2023-09-19,nighttime,6,-0.6182886807632325,0.19074695328791763,-2.4090909090906503
2023-09-20,daytime,6,0.6109198689392552,0.19762489606410172,17.075471698112047
2023-09-20,nighttime,6,0.02258769757261428,0.9661242158088267,0.09999999999997436
2023-09-21,daytime,6,-0.4814726792121771,0.333597502238949,-3.1799628942486557
2023-09-21,nighttime,6,-0.6448275862068766,0.16681911927510035,-12.896551724138831
2023-09-22,daytime,6,-0.7701094141857527,0.07319970005516595,-6.266423357664543
2023-09-22,nighttime,6,0.36181361349331576,0.480961925370498,7.199999999999579
2023-09-23,daytime,6,0.7478387523058574,0.08736106861724105,1.076049943246312
2023-09-23,nighttime,6,0.9645075492849976,0.0018672159170803491,2.1512605042017
2023-09-24,daytime,6,-0.01555783845623941,0.9766651251745493,-0.008910891089109403
2023-09-24,nighttime,6,0.5813183589761793,0.22624521874205047,7.00000000000247
2023-09-25,daytime,6,-0.5490498542954256,0.2591823343054353,-1.2687499999999998
2023-09-25,nighttime,6,0.9464970485605995,0.0042172708592550755,3.1578947368418744
2023-09-26,daytime,6,0.3080307876674431,0.5525672558986972,0.2834917891097631
2023-09-26,nighttime,6,NA,NA,NA
2023-09-27,daytime,6,-0.9992307991303547,8.872774102637602e-7,-7.2727272727271535
2023-09-27,nighttime,6,NA,NA,NA
2023-09-28,daytime,6,-0.9454080757374953,0.004389067731281907,-1.0421286031042192
2023-09-28,nighttime,6,-0.08574929257125506,0.8716913158952176,-0.7499999999993994
2023-09-29,daytime,6,-0.29760512593542504,0.5667715771701418,-0.9040816326531189
2023-09-29,nighttime,6,-0.7034884113865396,0.11884416397926238,-1.3087248322146787
2023-09-30,daytime,6,-0.013558543053516474,0.9796634316809354,-0.01553398058252001
2023-09-30,nighttime,6,-0.7556202673114388,0.0822848241719307,-3.4130434782604753
2023-10-01,daytime,6,0.5024683932372788,0.3097276348518589,0.36214666120443056
2023-10-01,nighttime,6,0.8141990679295625,0.0485758709162227,4.655172413793203
2023-10-02,daytime,6,-0.5915397066602938,0.216185997733811,-2.280000000000186
2023-10-02,nighttime,6,-0.7735631467035383,0.07110535098103304,-1.9956896551723788
2023-10-03,daytime,6,0.6695721179289712,0.14573539267332897,0.9530469530469614
2023-10-03,nighttime,6,0.9885560536163343,1.95696491272888e-4,1.9915966386554464
2023-10-04,daytime,6,-0.34257872976107406,0.5062344570951007,-1.2301136363637128
2023-10-04,nighttime,6,0.9457968586384637,0.004327346913101768,2.139860139860124
2023-10-05,daytime,6,-0.5513152943287185,0.2568128016956231,-2.664122137404812
2023-10-05,nighttime,6,0.9414745344697242,0.005037613579773238,3.3823529411762263
2023-10-06,daytime,6,-0.43822320984314234,0.3847432861780394,-0.7026627218935212
2023-10-06,nighttime,6,0.9543382533729181,0.0030798903984513137,5.187499999999677
2023-10-07,daytime,6,0.455394042280711,0.36412959498558134,0.9326923076922794
2023-10-07,nighttime,6,0.2991465132065554,0.5646653369600629,1.43181818181806
2023-10-08,daytime,6,-0.5395768489994337,0.26918178525130054,-1.629893238434249
2023-10-08,nighttime,6,-0.8713525649634515,0.023760675832024573,-2.2351623740201005
2023-10-09,daytime,6,-0.2083185397086059,0.6920423500640559,-0.08257085471993078
2023-10-09,nighttime,6,-0.7587880042703572,0.08025759418849046,-0.6839622641509217
2023-10-10,daytime,6,NA,NA,NA
2023-10-10,nighttime,6,3.3273942513293236e-15,0.999999999999995,-6.970739738140457e-15
2023-10-11,daytime,6,-0.6911374686451971,0.12836196012016102,-12.99999999999216
2023-10-11,nighttime,6,NA,NA,NA
2023-10-12,daytime,6,-0.8433670087333799,0.03487943233104529,-2.585714285714468
2023-10-12,nighttime,6,0.8121582342784163,0.04961283931384845,5.750000000000968
2023-10-13,daytime,6,-0.22343408911558915,0.6704260931249174,-0.11862682771774578
2023-10-13,nighttime,6,0.6324555320336696,0.17780780835622687,3.199999999999024
2023-10-14,daytime,6,-0.19706668008248088,0.7082265493712703,-0.8428571428570621
2023-10-14,nighttime,6,NA,NA,NA
2023-10-15,daytime,6,-0.6496185745886687,0.16264305158303058,-2.383116883116792
2023-10-15,nighttime,6,NA,NA,NA
2023-10-16,daytime,6,-0.9672328922994309,0.0015929342716563201,-4.519999999999982
2023-10-16,nighttime,6,0.6440940481460409,0.16746243605352104,1.5714285714285043
2023-10-17,daytime,6,0.9637770778014628,0.0019443860891164217,1.0592334494773938
2023-10-17,nighttime,6,0.9134801190523372,0.010904704203677762,1.7857142857142485
2023-10-18,daytime,6,0.964585760301478,0.0018590448504371743,1.718750000000073
2023-10-18,nighttime,6,-0.2027126076538574,0.7000960624305399,-0.35675675675674823
2023-10-19,daytime,6,0.9413896334744339,0.005052094161593879,3.7500000000000786
2023-10-19,nighttime,6,0.9563650695950059,0.002814470117400984,2.1951219512194795
2023-10-20,daytime,6,0.46620912153679006,0.3513518142625925,0.5024271844660111
2023-10-20,nighttime,6,-0.7834607467435634,0.06525719090569831,-1.7647058823529547
2023-10-21,daytime,6,0.6683873456675068,0.14671721226424345,1.2494432071270245
2023-10-21,nighttime,6,NA,NA,NA
2023-10-22,daytime,6,0.9564785756208821,0.0027999542921039043,0.7776769509981845
2023-10-22,nighttime,6,-0.2626128657194451,0.6151363174801235,-0.06896551724133712
2023-10-23,daytime,6,0.9908451331835771,1.2533373768395677e-4,0.5118253486961734
2023-10-23,nighttime,6,0.9852431478850648,3.2504026589175324e-4,2.2209302325581364
2023-10-24,daytime,6,0.8957945355518933,0.015722396186085716,0.6551492035001096
2023-10-24,nighttime,6,-0.8754184505117515,0.022314055848438284,-5.809384164222864
2023-10-25,daytime,6,0.3919309008348159,0.4422058684739534,0.053763440860212675
2023-10-25,nighttime,6,0.3281229131897659,0.5254792488881564,0.6825938566553155
2023-10-26,daytime,6,0.589023053259888,0.21864565156967283,0.0763285945997489
2023-10-26,nighttime,6,0.7080644796794462,0.11539922290942363,1.478260869565243
2023-10-27,daytime,6,-0.32306972135383477,0.5322554647632906,-0.39002932551318226
2023-10-27,nighttime,6,0.9874483372748858,2.3532763468294072e-4,6.35051546391756
2023-10-28,daytime,6,0.20910857663869165,0.6909089173426504,0.4619565217391279
2023-10-28,nighttime,6,-0.7294712330746018,0.0998792866282953,-2.9250000000002365
2023-10-29,daytime,6,0.5676099675075269,0.24002164355555897,0.2277486910994762
2023-10-29,nighttime,6,0.5861946443578491,0.2214233549099438,3.2000000000003452
2023-10-30,daytime,6,0.9286551671751583,0.007453552118419295,0.692073170731708
2023-10-30,nighttime,6,NA,NA,NA
2023-10-31,daytime,6,-0.7881114779142028,0.0625885661314222,-10.428571428571445
2023-10-31,nighttime,6,0.7453559924999297,0.08900934250008577,0.925925925925898
2023-11-01,daytime,6,0.2608198118304534,0.6176416735650827,2.2941176470587146
2023-11-01,nighttime,6,NA,NA,NA
2023-11-02,daytime,6,0.9629833108166878,0.002029992130442309,0.7292954264524354
2023-11-02,nighttime,6,0.9702923647472537,0.0013107062468978247,0.5321336760925435
2023-11-03,daytime,6,0.9670406347365251,0.0016115774329988897,0.48003194888178147
2023-11-03,nighttime,6,0.44170499592454193,0.38053155803522287,2.811320754717258
2023-11-04,daytime,6,0.9860460192182784,2.907118547107501e-4,0.9325183374083227
2023-11-04,nighttime,6,-0.614295116833952,0.19446206377434608,-1.999999999999901
2023-11-06,daytime,6,-0.39773580935262004,0.43485595034751784,-0.11325966850828952
2023-11-06,nighttime,6,0.5986492034590103,0.20929840563314914,0.3837209302325701
2023-11-07,daytime,6,-0.883679565281865,0.019508731762679067,-2.568090249798538
2023-11-07,nighttime,6,0.6998627038997334,0.12160505130813996,0.5742574257425415
2023-11-08,daytime,6,0.8413103199216186,0.035775527189736644,0.16481069042315694
2023-11-08,nighttime,6,0.7824884252135759,0.06582155167828448,1.0624999999999833
2023-11-09,daytime,6,-0.4436474306222012,0.3781888726567332,-0.14855072463768304
2023-11-09,nighttime,6,0.36374885748706365,0.4784411071315122,0.2079207920792306
2023-11-10,daytime,6,0.9369797628423056,0.0058321814164938295,0.3215230037017455
2023-11-10,nighttime,6,0.3872983346207417,0.4480998731654429,0.30000000000000876
2023-11-11,daytime,6,NA,NA,NA
2023-11-11,nighttime,6,NA,NA,NA
2023-11-12,daytime,6,-0.9631998348246751,0.002006459883864742,-4.231343283582078
2023-11-12,nighttime,6,NA,NA,NA
2023-11-13,daytime,6,0.7853293630671426,0.06417883828646094,1.0643776824034707
2023-11-13,nighttime,6,-0.5408978036800397,0.26777864707310023,-1.0347003154573442
2023-11-14,daytime,6,0.15746477416441707,0.7657550205026797,0.40720961281708073
2023-11-14,nighttime,6,-0.6251903263506522,0.1843963762836663,-0.781725888324761
2023-11-15,daytime,6,-0.8713293470155558,0.023769060933715877,-1.6857142857141951
2023-11-15,nighttime,6,0.3436801551125077,0.5047768383551569,0.30710172744723324
2023-11-16,daytime,6,0.9748342728592758,9.4200183235606e-4,0.4335496488576775
2023-11-16,nighttime,6,NA,NA,-5.801557143512412e-14
2023-11-17,daytime,6,-0.66852013850472,0.14660702682462753,-3.027972027972132
2023-11-17,nighttime,6,0.6445033866354924,0.1671033157325955,0.8999999999998652
2023-11-18,daytime,6,-0.12239004569001559,0.817331591495544,-0.4199288256228478
2023-11-18,nighttime,6,0.8938953803711884,0.016290012459768227,1.6560000000000081
2023-11-19,daytime,6,0.3165606911015424,0.5410203430052916,0.11173997412677729
2023-11-19,nighttime,6,0.9791784426696463,6.45792414142478e-4,0.9171038824763806
2023-11-20,daytime,6,0.9007306637962685,0.01429248173704035,0.37891617273496464
2023-11-20,nighttime,6,0.5541719940458666,0.25383694710321747,0.6874999999999614
2023-11-21,daytime,6,-0.17070496382478342,0.7464297413481721,-0.10037174721195208
2023-11-21,nighttime,6,0.8578271264007284,0.028882809878179986,2.6410256410254958
2023-11-22,daytime,6,0.8029006434419111,0.0544437612228393,3.5884955752213834
2023-11-22,nighttime,6,-0.8125813484249338,0.04939701599724886,-0.9127516778524185
2023-11-23,daytime,6,0.9896892714647391,1.5891861182737308e-4,1.6641074856046256
2023-11-23,nighttime,6,-0.5892556509887903,0.2184178518134796,-3.333333333333452
2023-11-24,daytime,6,-0.9080407585896374,0.012295926362987668,-3.835351089588383
2023-11-24,nighttime,6,-0.20483662259967544,0.6970423379032773,-0.07692307692305875
2023-11-25,daytime,6,0.7457769354634046,0.08872891200283574,0.4683648315530086
2023-11-25,nighttime,6,-0.5034372855426928,0.3086419352690444,-1.077922077922053
2023-11-26,daytime,6,0.4414051028508953,0.38089369202586854,1.1269035532995362
2023-11-26,nighttime,6,NA,NA,-3.480934286100672e-14
2023-11-27,daytime,6,-0.6575706332140586,0.15581053755688226,-4.2352941176472
2023-11-27,nighttime,6,-0.8644782245405374,0.026304720697327765,-1.2682926829267613
2023-11-28,daytime,6,0.4182965508814038,0.4091502666651382,0.6578947368420467
2023-11-28,nighttime,6,0.011651034560708488,0.9825242389531382,0.03529411764703294
2023-11-29,daytime,6,0.9852673702631768,3.239767070097459e-4,0.7122395833333337
2023-11-29,nighttime,6,-0.2647643160652892,0.6121335341189473,-0.3888888888889457
2023-11-30,daytime,6,-0.7788250259542457,0.06796779420330215,-2.352000000000048
2023-11-30,nighttime,6,0.5575312203998045,0.2503549676459924,2.037735849056455
2024-04-01,daytime,6,0.5410004910489029,0.2676696895078669,1.3286118980170605
2024-04-01,nighttime,6,0.050595471138968603,0.9241715530078318,0.06578947368416599
2024-04-02,daytime,6,-0.585891525771464,0.2217218752607847,-1.6166666666667184
2024-04-02,nighttime,6,-0.0808848337644932,0.878937338055476,-0.22950819672131922
2024-04-03,daytime,6,-0.8554580285602305,0.029828659255945692,-0.5036101083032613
2024-04-03,nighttime,6,0.40575133560033527,0.4247732589812305,0.37499999999997846
2024-04-04,daytime,6,0.6294788296999428,0.18049523332063197,11.799999999998969
2024-04-04,nighttime,6,0.9106314387015211,0.011623227902442884,0.5237366003062716
2024-04-05,daytime,6,0.6819632670911325,0.1356367567073609,1.4256559766764108
2024-04-05,nighttime,6,-0.30253029107451584,0.5600490418510342,-0.6860465116278972
2024-04-06,daytime,6,0.9341823962498648,0.0063553759316745465,2.004395604395613
2024-04-06,nighttime,6,0.10146954808997097,0.8483180466089286,0.12195121951214019
2024-04-07,daytime,6,0.9787982057514949,6.695088453209658e-4,3.3714285714285057
2024-04-07,nighttime,6,-0.32764540169251016,0.5261185116465319,-0.5316455696202386
2024-04-08,daytime,6,-0.585836947284437,0.2217756429649659,-6.025806451612837
2024-04-08,nighttime,6,-0.943575355345579,0.004685790072686573,-3.038071065989886
2024-04-09,daytime,6,-0.9689747527851399,0.001428917023606393,-4.937704918032758
2024-04-09,nighttime,6,0.815318073576355,0.04801160946474192,4.551000953288977
2024-04-10,daytime,6,0.3669981129063946,0.47421788088624245,1.7865168539326515
2024-04-10,nighttime,6,0.09160328431237588,0.8629794025167483,0.08415841584155975
2024-04-11,daytime,6,0.882522608121824,0.019890757326240297,2.699999999999947
2024-04-11,nighttime,6,0.8307255927140323,0.040555557824562945,1.6254375729288126
2024-04-12,daytime,6,0.05558112179693298,0.9167141696033371,0.15985130111533852
2024-04-12,nighttime,6,0.9444312585351375,0.004546032599586321,6.677419354838331
2024-04-13,daytime,6,0.03895532078449575,0.9415965765043612,0.10074626865671868
2024-04-13,nighttime,6,NA,NA,NA
2024-04-14,daytime,6,-0.006412496537739378,0.9903813870346784,-0.0060240963854886346
2024-04-14,nighttime,6,0.9066803231287337,0.012656503036846914,3.059701492537369
2024-04-15,daytime,6,0.38341789207181903,0.45305615601105387,0.7570977917981899
2024-04-15,nighttime,6,0.1453094845756824,0.7835698668534061,0.79487179487184
2024-04-16,daytime,6,-0.9135985989838323,0.010875301186286065,-0.7903930131004278
2024-04-16,nighttime,6,0.8745596688689313,0.022615995853178403,0.5238095238095136
2024-04-17,daytime,6,-0.5963643793517279,0.21150206775874952,-2.108695652173918
2024-04-17,nighttime,6,-0.6427535358601145,0.16864075776222504,-0.9268292682927942
2024-04-18,daytime,6,0.0024201584912049725,0.9963697693508289,0.006024096385632769
2024-04-18,nighttime,6,NA,NA,NA
2024-04-19,daytime,6,0.4093915669929046,0.4202199606825813,2.354838709677272
2024-04-19,nighttime,6,-0.5535413188016556,0.2544927636840541,-0.4114621601763329
2024-04-23,daytime,6,0.15809898136539288,0.7648273927305667,0.7152777777777787
2024-04-23,nighttime,6,-0.64754590576483,0.16444422375528053,-0.454258675078816
2024-04-24,daytime,6,0.6695989525881524,0.1457131874539734,5.509090909090607
2024-04-24,nighttime,6,0.983740756807171,3.943953127390141e-4,2.2250000000001195
2024-04-25,daytime,6,-0.25604151887727256,0.6243304118177841,-0.35940803382666486
2024-04-25,nighttime,6,0.38800142283736316,0.4472037230445757,0.9915433403806386
2024-04-26,daytime,6,0.36910856306160633,0.47148103951429415,3.1931818181819542
2024-04-26,nighttime,6,0.7467767313939975,0.08806444142174788,0.7509293680297536
2024-04-27,daytime,6,0.6510571653287851,0.16139782078325207,7.0000000000004485
2024-04-27,nighttime,6,-0.9283954040512193,0.0075072610491027925,-4.071428571428613
2024-04-28,daytime,6,-0.744866556695158,0.08933590080012159,-6.7727272727275984
2024-04-28,nighttime,6,0.9914538369919562,1.0924326060435218e-4,3.8750804893754003
2024-04-29,daytime,6,0.6226015968578712,0.18676798879041975,1.5084226646248753
2024-04-29,nighttime,6,-0.7979936432125552,0.057088259188028304,-3.179245283018973
2024-04-30,daytime,6,0.8498368089222182,0.03213046223889666,0.5294974508375815
2024-04-30,nighttime,6,0.8594432617418216,0.028245861722521578,4.906250000000331
2024-05-01,daytime,6,-0.9259227227703889,0.008027917084367736,-0.881298992161259
2024-05-01,nighttime,6,0.973860800268499,0.0010159567383425643,3.1842105263157023
2024-05-02,daytime,6,0.24439263778001785,0.6407095559087254,0.1751054852320685
2024-05-02,nighttime,6,0.4244829849477349,0.40151842665023396,0.875870069605575
2024-05-03,daytime,6,-0.6790087299694724,0.13801636193419725,-3.6131147540984054
2024-05-03,nighttime,6,0.6206037831557628,0.18860680577933656,1.3259052924791208
2024-05-04,daytime,6,0.1637271930658785,0.7566036945762917,0.4852941176470624
2024-05-04,nighttime,6,0.9761020881188917,8.498411178911088e-4,3.803278688524559
2024-05-05,daytime,6,0.8490094801960933,0.032476054322551524,1.817232375979124
2024-05-05,nighttime,6,NA,NA,NA
2024-05-06,daytime,6,0.5844079393248277,0.22318528405734997,1.8095238095237627
2024-05-06,nighttime,6,0.44315899144297033,0.37877748600250766,1.0000000000000009
2024-05-07,daytime,6,0.08292905842666055,0.8758915734116546,0.02980132450331444
2024-05-07,nighttime,6,-0.04517539514526278,0.9322830046240909,-0.2666666666668231
2024-05-08,daytime,6,-0.7943150672855418,0.05910855395363372,-1.355000000000042
2024-05-08,nighttime,6,0.10660035817780271,0.8407051465865789,0.09090909090909205
2024-05-09,daytime,6,-0.6647045665362807,0.14978707765017527,-1.0701754385964766
2024-05-09,nighttime,6,-0.07370428968379385,0.8896437582031924,-0.06382978723407577
2024-05-10,daytime,6,0.3442050668142129,0.50408261366182,0.46957878315133567
2024-05-10,nighttime,6,-0.5080005080007608,0.30354769064411785,-0.38709677419354604
2024-05-11,daytime,6,-0.7121759547681203,0.11234196373686413,-0.5733662145499678
2024-05-11,nighttime,6,0.8667190566019188,0.02546192614050946,1.5624999999999465
2024-05-12,daytime,6,0.7821321607321337,0.0660288925804462,0.424681095026518
2024-05-12,nighttime,6,0.19184707441918297,0.7157598829317557,0.13986013986014864
2024-05-13,daytime,6,0.9807701727993565,5.511239183655128e-4,1.2709923664122187
2024-05-13,nighttime,6,0.985129283290801,3.3006308129014564e-4,0.9704797047970402
2024-05-14,daytime,6,0.006624399465375691,0.9900635461500986,0.006468305303978254
2024-05-14,nighttime,6,-0.5155626278131745,0.29517557484683027,-2.8533724340175284
2024-05-15,daytime,6,0.8612608685984551,0.02753755655631448,0.712711241734034
2024-05-15,nighttime,6,-0.9233359177403628,0.008590780233341025,-2.394736842105196
2024-05-16,daytime,6,-0.8568089260497276,0.02928755324701183,-0.5753348214285796
2024-05-16,nighttime,6,0.9776759899893718,7.419794217344676e-4,1.7627118644067357
2024-05-17,daytime,6,-0.9293979917894793,0.007301002422144264,-9.00000000000007
2024-05-17,nighttime,6,-0.08903057122447187,0.8668069910200791,-0.13157894736842887
2024-05-18,daytime,6,-0.4937769142066063,0.3195298961150724,-2.5853658536587067
2024-05-18,nighttime,6,0.7364596943186595,0.09502834172707135,2.0000000000001705
2024-05-19,daytime,6,-0.53283230564009465,0.27638982233604137,-0.7165354330708583
2024-05-19,nighttime,6,0.3266793038882853,0.5274125485252477,0.4090909090909662
2024-05-20,daytime,6,0.9201610209871975,0.009306936546943628,0.45831047723532525
2024-05-20,nighttime,6,0.6706527510148395,0.1448423317269531,0.8695652173912706
2024-05-21,daytime,6,0.4125569216612249,0.41627387444017844,0.0998641304347786
2024-05-21,nighttime,6,0.7829166791945525,0.06557270825774335,0.3174904942965894
2024-05-22,daytime,6,-0.9183210617017594,0.009734715008247444,-1.5151057401813053
2024-05-22,nighttime,6,-0.8672400865167953,0.02526783228512852,-0.7351724137930532
2024-05-23,daytime,6,0.4133073573292278,0.4153401594923627,1.029411764705888
2024-05-23,nighttime,6,-0.2830353190427127,0.5867838584657068,-0.41999999999997223
2024-05-24,daytime,6,-0.0071713429706944,0.9892431699484452,-0.006839945280429094
2024-05-24,nighttime,6,0.8389589337079941,0.03681309992235675,3.0207197382769557
2024-05-25,daytime,6,0.9216907212733267,0.008958405018146615,1.629746835443092
2024-05-25,nighttime,6,0.592283655619986,0.21546104865517,2.7843866171003975
2024-05-26,daytime,6,0.702151536225635,0.11985894033077277,1.3776824034334991
2024-05-26,nighttime,6,0.5008448128406646,0.31155012113727926,3.720300751879702
2024-05-27,daytime,6,0.1917046280018872,0.7159656942207264,0.6895522388058506
2024-05-27,nighttime,6,0.7643391759504149,0.07676020339842997,6.99053627760252
2024-05-28,daytime,6,0.8684804372876711,0.024808620126103655,0.9692951849267624
2024-05-28,nighttime,6,0.9048827896538644,0.013140649362477785,9.44444444444425
2024-05-29,daytime,6,0.625765902352281,0.18387078004927193,0.5678733031674205
2024-05-29,nighttime,6,0.9269302548332881,0.007813714947282075,1.6587578506629084
2024-05-30,daytime,6,0.7607523597804022,0.07901195034764459,2.4702380952381136
2024-05-30,nighttime,6,0.9940166394970841,5.3593800405071594e-5,1.0436746987951593
2024-05-31,daytime,6,-0.2478542292678582,0.6358317117766672,-0.3059360730593052
2024-05-31,nighttime,6,0.9353040418995585,0.006142955858348634,3.3200000000000407
2024-06-01,daytime,6,-0.24373459579476195,0.6416378224221826,-0.2428900845503415
2024-06-01,nighttime,6,0.88174949217782606,0.020148014678580996,5.461538461538691
2024-06-02,daytime,6,0.8021655596121277,0.054836230465428085,1.746355685131191
2024-06-02,nighttime,6,0.2840726226918948,0.5853530063928531,3.116279069768301
2024-06-03,daytime,6,-0.46878374611707196,0.34833391708852074,-3.2525597269625166
2024-06-03,nighttime,6,0.6498049367573646,0.16248151062864863,4.399999999999662
2024-06-04,daytime,6,-0.8310242166087773,0.04041685588620452,-4.021615875265662
2024-06-04,nighttime,6,0.7770357929041394,0.06902744245830787,5.580645161290443
2024-06-05,daytime,6,0.4320949229124077,0.3921949778109367,0.8014981273408353
2024-06-05,nighttime,6,-0.4533712257951999,0.36653736178502766,-2.8473282442746033
2024-06-06,daytime,6,-0.034862515735035945,0.9477274122611608,-0.09999999999991505
2024-06-06,nighttime,6,0.6167671393643157,0.19215892640778792,1.612903225806471
2024-06-07,daytime,6,0.9398911220337238,0.005311026806986752,1.1872213967310672
2024-06-07,nighttime,6,-0.6096863699082254,0.19878598248942134,-6.3820224719092105
2024-06-08,daytime,6,0.9490874442993871,0.0038221475712627347,2.1332712022366844
2024-06-08,nighttime,6,0.8827328959491731,0.019821056927172582,2.817073170731666
2024-06-09,daytime,6,0.3094711118682363,0.5506127229705158,0.6159638554216905
2024-06-09,nighttime,6,0.8629818811375557,0.026874760668043333,8.554794520548175
2024-06-10,daytime,6,0.5333526995703349,0.2758310657241814,2.6116504854371576
2024-06-10,nighttime,6,0.7238556775477812,0.1038547427485154,2.511673151751129
2024-06-11,daytime,6,0.5852995842879031,0.2223053026872598,1.3750325097529157
2024-06-11,nighttime,6,0.8936493959566009,0.016364239823709624,5.196480938416568
2024-06-12,daytime,6,0.7036890744967002,0.11869217284700528,1.7111042375502743
2024-06-12,nighttime,6,0.7082323485673019,0.11527369244665872,4.716981132076453
2024-06-13,daytime,6,-0.913980410739694,0.010780809232007667,-0.4003424312619624
2024-06-13,nighttime,6,0.9866607692107111,2.657158585390611e-4,2.6875000000000164
2024-06-14,daytime,6,-0.47853306707208354,0.3369909751560408,-0.8073115003808291
2024-06-14,nighttime,6,0.966782067973894,0.0016368196640253686,2.8523761375125773
2024-06-15,daytime,6,0.6808194270658541,0.13655589917913233,1.157348242811509
2024-06-15,nighttime,6,0.4034889958592852,0.42761119030849837,0.4971428571428795
2024-06-16,daytime,6,-0.19754395846920844,0.707538502038747,-0.27063642091997864
2024-06-16,nighttime,6,0.5311741301605287,0.27817312128406185,8.03812316715471
2024-06-17,daytime,6,0.24117781037952726,0.645247547469876,0.1760055001718794
2024-06-17,nighttime,6,0.3007611640515343,0.5624612720069747,1.5588235294117412
2024-06-18,daytime,6,-0.5794042230753326,0.22814934505170334,-0.7428042177258581
2024-06-18,nighttime,6,0.8806921379588302,0.020502413033057276,4.805369127516555
2024-06-19,daytime,6,-0.1505327509851828,0.7759064178038921,-0.7276887871852261
2024-06-19,nighttime,6,0.9126721025108662,0.011106254187101256,4.237774030354106
2024-06-20,daytime,6,0.20483606364361337,0.6970431411584135,0.18864097363081714
2024-06-20,nighttime,6,0.9831104594214767,4.2547594513072594e-4,1.5882352941176356
2024-06-21,daytime,6,0.7511405634488181,0.08519046947418742,5.30434782608705
2024-06-21,nighttime,6,0.9801263359587192,5.885191073987534e-4,2.2442996742670647
2024-06-22,daytime,6,-0.42320736951515847,0.40308811314653015,-0.537313432835842
2024-06-22,nighttime,6,0.8689946201076638,0.02461943034891699,6.105560791705987
2024-06-23,daytime,6,0.656439926618765,0.15677448294540527,1.4034334763949114
2024-06-23,nighttime,6,0.9888689440282161,1.851610393875944e-4,3.6278713629402857
2024-06-24,daytime,6,-0.8127896283468727,0.04929093623371741,-0.9659468438538252
2024-06-24,nighttime,6,0.8464941110244214,0.03353747609351655,5.47142857142847
2024-06-25,daytime,6,-0.1511964213865293,0.7749335700687248,-0.35798816568054104
2024-06-25,nighttime,6,0.9754112194983655,8.994789015796252e-4,2.118530884807978
2024-06-26,daytime,6,-0.25521710711224094,0.6254862209510437,-0.14626075446724043
2024-06-26,nighttime,6,0.7517421626261014,0.08479762294240925,2.700000000000017
2024-06-27,daytime,6,0.9794973355992453,6.262296290050296e-4,2.435386927122466
2024-06-27,nighttime,6,0.9097545719047863,0.011848865847665837,4.3246753246753515
2024-06-28,daytime,6,-0.392387416960668,0.4416264049018763,-0.2785046728972011
2024-06-28,nighttime,6,0.9196038969751745,0.00943547862454264,4.413043478260814
2024-06-29,daytime,6,0.8717367689416562,0.023622126182886265,0.8522609596133837
2024-06-29,nighttime,6,0.9828495891667034,4.386826059314709e-4,4.250000000000033
2024-06-30,daytime,6,-0.08037814973639076,0.8796924228195871,-0.0406886858749145
2024-06-30,nighttime,6,0.570593149364732,0.23699614821152096,4.246973365617337
2024-07-01,daytime,6,-0.161665323530911,0.7596146310290345,-2.758620689657492
2024-07-01,nighttime,6,0.9044297795183379,0.013264047277821583,3.474999999999986
2024-07-02,daytime,6,0.8906398286150922,0.017285516100526924,0.6994573175984122
2024-07-02,nighttime,6,0.7375836501980751,0.09425820892982475,2.035989717223656
2024-07-03,daytime,6,0.7807643806774129,0.06682768661844238,0.3659443725743869
2024-07-03,nighttime,6,0.9501489141387384,0.0036657529088351486,5.641025641025308
2024-07-04,daytime,6,-0.07051367669640266,0.8944047882525785,-0.3513513513514969
2024-07-04,nighttime,6,0.6474141590336726,0.1645589955010386,2.9500000000000477
2024-07-05,daytime,6,0.6691302026587456,0.1461012779732784,1.6970338983050977
2024-07-05,nighttime,6,0.7197339800331837,0.10681624924256791,8.851485148514003
2024-07-06,daytime,6,0.8377279672656045,0.03736182807850193,3.1718749999999343
2024-07-06,nighttime,6,0.7837513908230033,0.06508892475883901,6.500000000000066
2024-07-07,daytime,6,-0.3712881193707111,0.46865975820995576,-1.8780487804873152
2024-07-07,nighttime,6,0.8605667022193183,0.027807060489445812,4.487179487179502
2024-07-08,daytime,6,0.5078495510426098,0.30371570849255797,0.3387610619468999
2024-07-08,nighttime,6,0.08948891015352896,0.8661249602250525,0.15903913853798102
2024-07-09,daytime,6,0.1082666022235458,0.8382346286610919,1.499999999999912
2024-07-09,nighttime,6,0.2649185750600802,0.6119183754454343,0.543909348442057
2024-07-10,daytime,6,0.3625681418943015,0.47997860390220703,0.255018713848248
2024-07-10,nighttime,6,0.8732617637817418,0.023075999217481304,4.915094339622896
2024-07-11,daytime,6,0.5434609868988445,0.265064078578437,2.39842209072979
2024-07-11,nighttime,6,0.942239547334664,0.004908052608565936,4.99456521739117
2024-07-12,daytime,6,-0.6785574685186769,0.1383813784006752,-1.1704649042844997
2024-07-12,nighttime,6,0.9626314625026168,0.0020685205372580444,3.7999999999997116
2024-07-13,daytime,6,-0.9733214122000181,0.0010581263674596106,-2.5545112781956423
2024-07-13,nighttime,6,0.9515295964523216,0.0034671323312822537,4.134453781512472
2024-07-14,daytime,6,-0.27319949026942636,0.6003962911118776,-0.4079051383399144
2024-07-14,nighttime,6,0.9377520226624579,0.005691616460143379,5.236301369862909
2024-07-15,daytime,6,0.39592079034960725,0.4371497541913929,0.394538059267851
2024-07-15,nighttime,6,0.9742044600212997,9.895325205721878e-4,4.168831168830945
2024-07-16,daytime,6,0.31222795800385855,0.5468770368355771,0.09488666315234189
2024-07-16,nighttime,6,0.7971705091274025,0.05753752096704207,8.55384615384483
2024-07-17,daytime,6,-0.5919082196193748,0.21582677347176865,-0.822173435784877
2024-07-17,nighttime,6,0.9278799611972997,0.007614391016553939,6.302631578947089
2024-07-18,daytime,6,-0.8621764612023424,0.02718399011783657,-1.0842519685039542
2024-07-18,nighttime,6,0.9642249373096193,0.001896889217344617,8.599999999999472
2024-07-19,daytime,6,-0.7504779919665647,0.08562407486240695,-0.8298833270606134
2024-07-19,nighttime,6,0.902685972955711,0.013744246905002519,5.862068965516976
2024-07-20,daytime,6,0.22678571428572064,0.6656534228088467,1.9843749999996836
2024-07-20,nighttime,6,-0.2697911545635702,0.6051319485662652,-1.6304347826080958
2024-07-21,daytime,6,0.921180289302086,0.009073984621234312,2.061818181818155
2024-07-21,nighttime,6,0.08852554743185882,0.8675585561421719,2.599999999996416
2024-07-22,daytime,6,0.6149955299417768,0.19380835657411022,1.362068965517158
2024-07-22,nighttime,6,NA,NA,NA
2024-07-23,daytime,6,-0.8079695672245317,0.05177290359040172,-0.4415243101182634
2024-07-23,nighttime,6,-0.034732273524279385,0.9479225390196537,-0.056818181818192356
2024-07-24,daytime,6,0.671279450268067,0.14432548866108125,0.9289340101522559
2024-07-24,nighttime,6,0.9867867888961486,2.607299812013992e-4,1.3922155688622582
2024-07-25,daytime,6,0.12340060394324723,0.8158386483320696,0.4795918367346983
2024-07-25,nighttime,6,-0.5395062174788845,0.269256890741894,-7.624999999999751
2024-07-26,daytime,6,-0.22618186968216702,0.666512728456548,-1.4000000000005695
2024-07-26,nighttime,6,-0.24185349633941874,0.6442931375199183,-11.399999999991024
2024-07-27,daytime,6,-0.6029938216251066,0.20513401132779172,-0.5278293135435962
2024-07-27,nighttime,6,0.7131426978893209,0.11162833822031004,8.374999999999753
2024-07-28,daytime,6,-0.09338592095473382,0.8603283246185742,-0.49999999999868866
2024-07-28,nighttime,6,0.940348037536998,0.005231403460598356,3.999999999999696
2024-07-29,daytime,6,-0.23919835815062268,0.6480454320073761,-0.19538904899136003
2024-07-29,nighttime,6,0.8333766928779011,0.039331981077361695,7.382352941176534
2024-07-30,daytime,6,-0.8072538434547785,0.05214625727051491,-5.00000000000174
2024-07-30,nighttime,6,-0.24397501823713247,0.6412986339013587,-1.0714285714286071
2024-07-31,daytime,6,0.43776006812057544,0.38530472739673677,0.08549819138441202
2024-07-31,nighttime,6,0.39388785923209035,0.4397235981569396,1.8000000000001757
2024-08-01,daytime,6,-0.399544896697135,0.4325735543858894,-5.102189781021945
2024-08-01,nighttime,6,0.8903473132283201,0.017376351427044856,1.7727272727271728
2024-08-02,daytime,6,-0.7750589325746254,0.07020688724203449,-0.8570647717955728
2024-08-02,nighttime,6,0.8310056058500053,0.04042549353624236,4.048780487805016
2024-08-03,daytime,6,0.6662036999665183,0.14853416802015476,2.374999999999982
2024-08-03,nighttime,6,0.6775567812741556,0.1391922929924435,20.79999999999805
2024-08-04,daytime,6,0.7116192050084488,0.11275384872057657,2.1887201735357946
2024-08-04,nighttime,6,0.15666989036012854,0.7669179312960451,3.6000000000066583
2024-08-05,daytime,6,-0.8571817324793893,0.029139050096364756,-2.547169811320774
2024-08-05,nighttime,6,-0.3771407209082452,0.46111024712022,-3.169811320753661
2024-08-06,daytime,6,0.23321071400851082,0.6565257721890612,0.7142857142856107
2024-08-06,nighttime,6,0.4745506385937823,0.34160804268508327,0.5335195530726318
2024-08-07,daytime,6,0.46563307366642126,0.3520283112031445,0.43749999999996325
2024-08-07,nighttime,6,0.11579214666396519,0.8270880402051514,0.044692737430170305
2024-08-08,daytime,6,-0.7841651400613366,0.06484973047553629,-2.059602649006588
2024-08-08,nighttime,6,-0.9461998760222087,0.004263819035767923,-0.19367588932804947
2024-08-09,daytime,6,-0.8414358075237435,0.035720546421993536,-0.14771519659936402
2024-08-09,nighttime,6,-0.990525044055233,1.3423687914207734e-4,-0.1804812834224512
2024-08-10,daytime,6,-0.6093892946845182,0.19906603394680064,-0.20260078023407135
2024-08-10,nighttime,6,0.26464936796871713,0.6122938746935467,0.3584905660378263
2024-08-11,daytime,6,0.6086156556237581,0.19979609693883502,0.14893617021276673
2024-08-11,nighttime,6,-0.9247931220856624,0.008271423876775817,-2.337662337662263
2024-08-12,daytime,6,0.8238981419892681,0.043787173122094555,0.639860139860139
2024-08-12,nighttime,6,0.5953924651018057,0.21244229103477097,1.374999999999733
2024-08-13,daytime,6,0.9207432990623513,0.009173506542392816,1.844594594594618
2024-08-13,nighttime,6,0.79843597113357,0.056847509098473255,0.749999999999948
2024-08-14,daytime,6,-0.9138366446371541,0.010816342002139398,-1.1214165261382971
2024-08-14,nighttime,6,0.2990499863048795,0.5647971744018428,0.11111111111113188
2024-08-15,daytime,6,-0.09927454651580106,0.8515773771755522,-0.0846837428123093
2024-08-15,nighttime,6,0.9642221234064328,0.0018971858294029296,3.92253521126746
2024-08-16,daytime,6,-0.4529397543792862,0.3670516649818586,-1.6428571428571028
2024-08-16,nighttime,6,0.7689777950569415,0.07389191577732833,6.714285714283405
2024-08-17,daytime,6,-0.5153002623843221,0.29546456922004344,-2.336538461538559
2024-08-17,nighttime,6,0.01858533807473713,0.972125202713231,0.13422818791979577
2024-08-18,daytime,6,0.7014842339246885,0.12036687578032043,0.8176100628930945
2024-08-18,nighttime,6,0.8934285948752811,0.01643100611602361,1.711926605504537
2024-08-19,daytime,6,0.9344977985484938,0.006295287737348395,6.405034324942926
2024-08-19,nighttime,6,0.5897150702186049,0.21796819042387855,10.800000000003202
2024-08-20,daytime,6,0.8075535631117073,0.051989758987737805,3.7415730337079385
2024-08-20,nighttime,6,0.9512839947814281,0.0035020661373435834,4.768421052631562
2024-08-21,daytime,6,-0.5357170462316803,0.2732978857829371,-2.225000000000308
2024-08-21,nighttime,6,0.9858371425775526,2.994593563376223e-4,1.352497643732342
2024-08-22,daytime,6,-0.5687510560090019,0.23886257583962867,-8.521276595746224
2024-08-22,nighttime,6,0.012976803069556524,0.98053588802573,0.028571428571222506
2024-08-23,daytime,6,-0.22652058502898226,0.6660306865004525,-2.1592920353979124
2024-08-23,nighttime,6,0.8986407608495023,0.014889876069215704,3.6153846153840985
2024-08-24,daytime,6,0.7194400139788467,0.107028872484971,6.136363636363656
2024-08-24,nighttime,6,-0.7793572455629905,0.06765403718944932,-8.885714285713021
2024-08-25,daytime,6,0.6195066518864141,0.18961978394294238,0.8934092758340533
2024-08-25,nighttime,6,0.29834003032460854,0.5657670962945822,5.842105263157902
2024-08-26,daytime,6,-0.7281823559507447,0.10078564699424662,-16.49999999999922
2024-08-26,nighttime,6,-0.4541002809278592,0.36566892171262155,-1.0121951219511842
2024-08-27,daytime,6,0.8036962660025339,0.0540204364673652,0.46589716684155286
2024-08-27,nighttime,6,-0.7372304963941568,0.0944998883924181,-4.7437070938214445
2024-08-28,daytime,6,0.9809844560974461,5.389484409538531e-4,1.2980769230769353
2024-08-28,nighttime,6,0.926748780505339,0.007852088194544356,1.6621880998080663
2024-08-30,daytime,6,-0.2625269456023728,0.6152563122754592,-0.12233894208422544
2024-08-30,nighttime,6,0.682462323432567,0.13523657414597687,4.633663366336168
2024-08-31,daytime,6,0.9907844856013908,1.2699724141493357e-4,2.070547295159788
2024-08-31,nighttime,6,0.941024368911212,0.005114625283203177,1.4584909859781747
2024-09-01,daytime,6,-0.18839788305287725,0.7207466502637905,-0.18156424581005054
2024-09-01,nighttime,6,0.5279921020470305,0.2816075202444762,1.6250000000002942
2024-09-02,daytime,6,0.9217570001674182,0.008943450001832021,3.483080513419082
2024-09-02,nighttime,6,0.9083676232003041,0.012210043435673985,0.5576857240671047
2024-09-03,daytime,6,0.9602608897317187,0.002337417387799453,2.268156424581083
2024-09-03,nighttime,6,-0.6120007468817498,0.1966097632880044,-0.4536741214057411
2024-09-04,daytime,6,0.3057804386178601,0.5556248339206558,2.821782178217179
2024-09-04,nighttime,6,-0.9762767956311432,8.375100421490169e-4,-0.9795918367346748
2024-09-05,daytime,6,0.48393159155791626,0.3307685304284256,3.5523255813953982
2024-09-05,nighttime,6,-0.434668673079601,0.38905945648748075,-1.584745762711617
2024-09-06,daytime,6,-0.96191727666898,0.0021478251553829725,-15.615384615383578
2024-09-06,nighttime,6,0.41522739926869984,0.4129543665511486,0.08620689655172808
2024-09-07,daytime,6,-0.9231089144381666,0.00864105931941563,-1.6106194690266307
2024-09-07,nighttime,6,-0.24292091950692887,0.6427860720827889,-1.447368421052179
2024-09-08,daytime,6,-0.8849870049027923,0.019081288242473012,-1.72304439746299
2024-09-08,nighttime,6,0.9120052381989807,0.011273941999924713,2.2500000000000355
2024-09-09,daytime,6,-0.4930637194546598,0.32033923274523796,-0.5000000000000111
2024-09-09,nighttime,6,0.8834522085987719,0.019583524603801555,1.5000000000000628
2024-09-10,daytime,6,-0.22262947909009112,0.671572972310018,-0.3452380952380982
2024-09-10,nighttime,6,0.993817805532877,5.721115236539329e-5,2.232142857142832
2024-09-11,daytime,6,-0.5637326792204513,0.24397656310923194,-0.37123745819400483
2024-09-11,nighttime,6,0.9561788636622218,0.00283836329635159,1.1265822784809854
2024-09-12,daytime,6,0.04216370213557931,0.9367919256429738,0.02999999999998536
2024-09-12,nighttime,6,0.9645286995244793,0.001865004507652382,5.316831683168199
2024-09-13,daytime,6,-0.41464243245820803,0.4136807452744575,-0.7682758620689666
2024-09-13,nighttime,6,-0.40346107536998216,0.4276462531896372,-4.571428571427016
2024-09-14,daytime,6,-0.13194762609030397,0.8032271765630876,-0.1191222570533132
2024-09-14,nighttime,6,-0.9561828874675149,0.0028378459267344516,-5.119999999999941
2024-09-15,daytime,6,0.24097897448062333,0.6455284671640832,0.11614173228344504
2024-09-15,nighttime,6,-0.9677734062546144,0.001541095498288259,-9.599999999999573
2024-09-16,daytime,6,-0.7160643725791165,0.10948379506531014,-0.4348623853210574
2024-09-16,nighttime,6,NA,NA,NA
2024-09-17,daytime,6,-0.42152021409943924,0.40516738522027096,-1.750000000000061
2024-09-17,nighttime,6,0.8496605940481444,0.0322039245833209,0.9489795918366993
2024-09-18,daytime,6,0.8749999999999942,0.02246093750000203,2.6250000000002727
2024-09-18,nighttime,6,0.8833479991688274,0.019617851855228408,0.8481561822125722
2024-09-19,daytime,6,0.9045191643039141,0.013239655162590598,1.696833847015957
2024-09-19,nighttime,6,0.8215838362577453,0.04490879035036844,1.5000000000000215
2024-09-20,daytime,6,-0.16860186409215885,0.7494935917735542,-0.46696035242301975
2024-09-20,nighttime,6,0.04690157763910969,0.9296992196012968,0.22772277227738003
2024-09-21,daytime,6,0.9455882653331934,0.004360408610283784,5.131147540983721
2024-09-21,nighttime,6,0.922518923881261,0.0087724039979922,7.66423357664242
2024-09-22,daytime,6,0.037751131251384164,0.9434002035958395,0.02307025151778259
2024-09-22,nighttime,6,0.3269695565478279,0.5270236742009956,0.3360000000000429
2024-09-23,daytime,6,0.8311195255351304,0.04037263451569569,1.7941241931894165
2024-09-23,nighttime,6,0.7203780664964347,0.10635103915901271,2.802047781569773
2024-09-24,daytime,6,0.6959917372458981,0.12458315828699308,0.4005238344683055
2024-09-24,nighttime,6,-0.7111183649028175,0.11312493700459043,-2.798994974874227
2024-09-25,daytime,6,-0.7629733051328591,0.0776142052301279,-0.19707467282525384
2024-09-25,nighttime,6,0.624422396902092,0.18509859050908486,0.22448979591838167
2024-09-26,daytime,6,0.7307516941989919,0.09898244439521131,0.45308924485124696
2024-09-26,nighttime,6,-0.5093716319736128,0.30202319618750956,-2.4000000000006354
2024-09-27,daytime,6,-0.6464096875991128,0.16543515306164655,-0.03482045701849734
2024-09-27,nighttime,6,-0.8781954596098557,0.02135095193304878,-0.4568245125348035
2024-09-28,daytime,6,0.600245047998775,0.20776480797220268,0.20588235294118257
2024-09-28,nighttime,6,-0.3340765523905366,0.5175278361681315,-0.1190476190476226
2024-09-29,daytime,6,-0.9386679716361942,0.005527072732994212,-0.41463414634147194
2024-09-29,nighttime,6,-0.6874702790778552,0.13124909656223013,-0.7680000000000139
2024-09-30,daytime,6,-0.9582148616007853,0.0025825183068905948,-1.1746031746032057
2024-09-30,nighttime,6,-0.3882901373576612,0.4468358966258551,-1.400000000000567
2024-10-01,daytime,6,0.4506562335210672,0.36977777147536756,0.28712871287130937
2024-10-01,nighttime,6,-0.04152273992687661,0.9377516855751393,-0.03448275862064772
2024-10-02,daytime,6,-0.07235488355893611,0.8916570718602703,-0.16279069767439142
2024-10-02,nighttime,6,0.9714339352614321,0.0012123748411175558,1.5759999999999272
2024-10-03,daytime,6,-0.05590169943748367,0.9162347972491456,-0.0937499999999892
2024-10-03,nighttime,6,NA,NA,NA
2024-10-04,daytime,6,-0.9032038784293399,0.013600768621219513,-0.9170829170829192
2024-10-04,nighttime,6,-0.8709784677429281,0.023895951611790107,-0.5835411471321644
2024-10-05,daytime,6,0.9205497078951712,0.009217764390710191,0.48999999999999927
2024-10-05,nighttime,6,0.8785682944386703,0.02122319340528758,2.0799999999997656
2024-10-06,daytime,6,0.3985266984930487,0.43385766067016995,0.22500000000003165
2024-10-06,nighttime,6,0.8159436957848872,0.04769747245367422,0.9670588235294151
2024-10-07,daytime,6,-0.9540362403264535,0.00312044774118934,-0.697721179624671
2024-10-07,nighttime,6,-0.7564900711329748,0.0817259136544289,-0.25247524752473566
2024-10-08,daytime,6,0.8885233166386334,0.017947913188874832,2.7631578947368918
2024-10-08,nighttime,6,0.9096710304713151,0.011870472496768534,1.4409937888197704
2024-10-09,daytime,6,0.0433799677652264,0.9349708650324062,0.4999999999986801
2024-10-09,nighttime,6,0.9312661473328361,0.006924152622950049,0.8749999999999948
2024-10-10,daytime,6,-0.7918075345856611,0.06050419618646141,-2.5156250000001457
2024-10-10,nighttime,6,0.6919053632356152,0.1277609312332924,4.599999999998805
2024-10-11,daytime,6,0.686574353738151,0.13195866979394716,1.9210526315789458
2024-10-11,nighttime,6,-0.48989794855663676,0.3239408309918417,-1.1999999999996782
2024-10-12,daytime,6,0.8663919383503286,0.025584144827555527,1.755882352941197
2024-10-12,nighttime,6,-0.6584031800727971,0.15510239005009827,-2.5689655172412804
2024-10-13,daytime,6,0.7578216748179535,0.08087359108184115,0.299439447268934
2024-10-13,nighttime,6,-0.6848300870011598,0.1333448705198502,-2.74999999999991
2024-10-14,daytime,6,0.38111861230861055,0.4560010869002784,3.999999999999962
2024-10-14,nighttime,6,0.7055976438301559,0.11725079046441486,0.6058394160583844
2024-10-15,daytime,6,0.5265178279585087,0.2832041635510683,1.7580645161288864
2024-10-15,nighttime,6,0,1,-0
2024-10-16,daytime,6,0.5434929763894055,0.26503026731340346,9.599999999998756
2024-10-16,nighttime,6,-0.39163022499397804,0.4425876552232949,-2.5000000000001643
2024-10-17,daytime,6,-0.42700112790869577,0.398425858113468,-0.507352941176518
2024-10-17,nighttime,6,-0.6069612168066388,0.2013610132163121,-0.8197424892703981
2024-10-18,daytime,6,0.8701056448709227,0.02421299116330216,1.1102756892230798
2024-10-18,nighttime,6,0.9124939434358145,0.011150934404952718,1.7460317460317385
2024-10-19,daytime,6,-0.7959478212368806,0.058207847446661354,-0.9640718562874381
2024-10-19,nighttime,6,0.9814804735220023,5.11283443963909e-4,1.8380281690140894
2024-10-20,daytime,6,-0.2894636716056259,0.5779314598144176,-0.4462686567164419
2024-10-20,nighttime,6,0.7917725641855858,0.06052376571943493,1.5161290322580483
2024-10-21,daytime,6,0.45841752947170944,0.36054115557228605,0.6819852941176289
2024-10-21,nighttime,6,-0.049767260179345456,0.9254107410129376,-0.4000000000001924
2024-10-22,daytime,6,0.6182303941117346,0.19080096360610907,0.13720316622690126
2024-10-22,nighttime,6,0.025507216374633747,0.9617474731662129,0.017241379310353782
2024-10-23,daytime,6,-0.45389094861804435,0.36591820131891106,-0.2986301369863078
2024-10-23,nighttime,6,-0.7302967433402184,0.09930068321372891,-0.959999999999934
2024-10-24,daytime,6,0.8362885936994388,0.03800828737715373,0.69982238010658
2024-10-24,nighttime,6,NA,NA,NA
2024-10-25,daytime,6,0.18191593151459723,0.7301362116304717,0.022338049143705827
2024-10-25,nighttime,6,0.22686062770020052,0.6655468339895803,0.5050505050505141
2024-10-26,daytime,6,-0.6400422675769013,0.17103456954902,-2.7785234899328928
2024-10-26,nighttime,6,0.9491487949907012,0.0038130209079438693,5.060714285714272
2024-10-27,daytime,6,NA,NA,NA
2024-10-27,nighttime,6,0.8312902920835825,0.040293459016077865,2.4166666666666425
2024-10-28,daytime,6,-0.3646289099901322,0.47729611518442183,-2.2168674698794955
2024-10-28,nighttime,6,0.34783428343195855,0.49929058177605673,0.9870129870130203
2024-10-29,daytime,6,-0.935396703191872,0.006125565231503701,-6.714285714285537
2024-10-29,nighttime,6,0.2693102396311475,0.6058009077794547,2.2840909090909878
2024-10-30,daytime,6,-0.20718386676054784,0.6936708996195894,-0.35162094763092266
2024-10-30,nighttime,6,-0.9896515235924291,1.6008233178008483e-4,-3.0563991323209856
2024-10-31,daytime,6,-0.5298514225827837,0.27959878057926335,-0.14458926947560097
2024-10-31,nighttime,6,0.8661031600003122,0.025692270015811206,7.375000000000203
